2	2411	2	8
2	2412	3	8
2	2413	4	8
2	2414	5	8
2	2415	6	8
2	2416	7	8
3	2475	2	8
3	2476	3	8
3	2477	4	8
3	2478	5	8
3	2479	6	8
3	2480	7	8
4	1899	2	8
4	1900	3	8
4	1901	4	8
4	1902	5	8
4	1903	6	8
4	1904	7	8
5	1963	2	8
5	1964	3	8
5	1965	4	8
5	1966	5	8
5	1967	6	8
5	1968	7	8
6	2027	2	8
6	2028	3	8
6	2029	4	8
6	2030	5	8
6	2031	6	8
6	2032	7	8
7	2091	2	8
7	2092	3	8
7	2093	4	8
7	2094	5	8
7	2095	6	8
7	2096	7	8
8	2155	2	8
8	2156	3	8
8	2157	4	8
8	2158	5	8
8	2159	6	8
8	2160	7	8
9	2219	2	8
9	2220	3	8
9	2221	4	8
9	2222	5	8
9	2223	6	8
9	2224	7	8
10	2283	2	8
10	2284	3	8
10	2285	4	8
10	2286	5	8
10	2287	6	8
10	2288	7	8
11	2347	2	8
11	2348	3	8
11	2349	4	8
11	2350	5	8
11	2351	6	8
11	2352	7	8
12	1779	2	8
12	1780	3	8
12	1781	4	8
12	1782	5	8
12	1783	6	8
12	1784	7	8
13	1843	2	8
13	1844	3	8
13	1845	4	8
13	1846	5	8
13	1847	6	8
13	1848	7	8
14	2419	2	8
14	2420	3	8
14	2421	4	8
14	2422	5	8
14	2423	6	8
14	2424	7	8
15	2483	2	8
15	2484	3	8
15	2485	4	8
15	2486	5	8
15	2487	6	8
15	2488	7	8
16	1907	2	8
16	1908	3	8
16	1909	4	8
16	1910	5	8
16	1911	6	8
16	1912	7	8
17	1971	2	8
17	1972	3	8
17	1973	4	8
17	1974	5	8
17	1975	6	8
17	1976	7	8
18	2035	2	8
18	2036	3	8
18	2037	4	8
18	2038	5	8
18	2039	6	8
18	2040	7	8
19	2099	2	8
19	2100	3	8
19	2101	4	8
19	2102	5	8
19	2103	6	8
19	2104	7	8
20	2163	2	8
20	2164	3	8
20	2165	4	8
20	2166	5	8
20	2167	6	8
20	2168	7	8
21	2227	2	8
21	2228	3	8
21	2229	4	8
21	2230	5	8
21	2231	6	8
21	2232	7	8
22	2291	2	8
22	2292	3	8
22	2293	4	8
22	2294	5	8
22	2295	6	8
22	2296	7	8
23	2355	2	8
23	2356	3	8
23	2357	4	8
23	2358	5	8
23	2359	6	8
23	2360	7	8
24	1763	2	8
24	1764	3	8
24	1765	4	8
24	1766	5	8
24	1767	6	8
24	1768	7	8
25	1827	2	8
25	1828	3	8
25	1829	4	8
25	1830	5	8
25	1831	6	8
25	1832	7	8
26	2403	2	8
26	2404	3	8
26	2405	4	8
26	2406	5	8
26	2407	6	8
26	2408	7	8
27	2467	2	8
27	2468	3	8
27	2469	4	8
27	2470	5	8
27	2471	6	8
27	2472	7	8
28	1891	2	8
28	1892	3	8
28	1893	4	8
28	1894	5	8
28	1895	6	8
28	1896	7	8
29	1955	2	8
29	1956	3	8
29	1957	4	8
29	1958	5	8
29	1959	6	8
29	1960	7	8
30	2019	2	8
30	2020	3	8
30	2021	4	8
30	2022	5	8
30	2023	6	8
30	2024	7	8
31	2083	2	8
31	2084	3	8
31	2085	4	8
31	2086	5	8
31	2087	6	8
31	2088	7	8
32	2147	2	8
32	2148	3	8
32	2149	4	8
32	2150	5	8
32	2151	6	8
32	2152	7	8
33	2211	2	8
33	2212	3	8
33	2213	4	8
33	2214	5	8
33	2215	6	8
33	2216	7	8
34	2275	2	8
34	2276	3	8
34	2277	4	8
34	2278	5	8
34	2279	6	8
34	2280	7	8
35	2339	2	8
35	2340	3	8
35	2341	4	8
35	2342	5	8
35	2343	6	8
35	2344	7	8
36	1787	2	8
36	1788	3	8
36	1789	4	8
36	1790	5	8
36	1791	6	8
36	1792	7	8
37	1851	2	8
37	1852	3	8
37	1853	4	8
37	1854	5	8
37	1855	6	8
37	1856	7	8
38	2427	2	8
38	2428	3	8
38	2429	4	8
38	2430	5	8
38	2431	6	8
38	2432	7	8
39	2491	2	8
39	2492	3	8
39	2493	4	8
39	2494	5	8
39	2495	6	8
39	2496	7	8
40	1915	2	8
40	1916	3	8
40	1917	4	8
40	1918	5	8
40	1919	6	8
40	1920	7	8
41	1979	2	8
41	1980	3	8
41	1981	4	8
41	1982	5	8
41	1983	6	8
41	1984	7	8
42	2043	2	8
42	2044	3	8
42	2045	4	8
42	2046	5	8
42	2047	6	8
42	2048	7	8
43	2107	2	8
43	2108	3	8
43	2109	4	8
43	2110	5	8
43	2111	6	8
43	2112	7	8
44	2171	2	8
44	2172	3	8
44	2173	4	8
44	2174	5	8
44	2175	6	8
44	2176	7	8
45	2235	2	8
45	2236	3	8
45	2237	4	8
45	2238	5	8
45	2239	6	8
45	2240	7	8
46	2299	2	8
46	2300	3	8
46	2301	4	8
46	2302	5	8
46	2303	6	8
46	2304	7	8
47	2363	2	8
47	2364	3	8
47	2365	4	8
47	2366	5	8
47	2367	6	8
47	2368	7	8
48	1755	2	8
48	1756	3	8
48	1757	4	8
48	1758	5	8
48	1759	6	8
48	1760	7	8
49	1819	2	8
49	1820	3	8
49	1821	4	8
49	1822	5	8
49	1823	6	8
49	1824	7	8
50	2395	2	8
50	2396	3	8
50	2397	4	8
50	2398	5	8
50	2399	6	8
50	2400	7	8
51	2459	2	8
51	2460	3	8
51	2461	4	8
51	2462	5	8
51	2463	6	8
51	2464	7	8
52	2523	2	8
52	2524	3	8
52	2525	4	8
52	2526	5	8
52	2527	6	8
52	2528	7	8
53	1883	2	8
53	1884	3	8
53	1885	4	8
53	1886	5	8
53	1887	6	8
53	1888	7	8
54	1947	2	8
54	1948	3	8
54	1949	4	8
54	1950	5	8
54	1951	6	8
54	1952	7	8
55	2011	2	8
55	2012	3	8
55	2013	4	8
55	2014	5	8
55	2015	6	8
55	2016	7	8
56	2075	2	8
56	2076	3	8
56	2077	4	8
56	2078	5	8
56	2079	6	8
56	2080	7	8
57	2139	2	8
57	2140	3	8
57	2141	4	8
57	2142	5	8
57	2143	6	8
57	2144	7	8
58	2203	2	8
58	2204	3	8
58	2205	4	8
58	2206	5	8
58	2207	6	8
58	2208	7	8
59	2267	2	8
59	2268	3	8
59	2269	4	8
59	2270	5	8
59	2271	6	8
59	2272	7	8
60	2331	2	8
60	2332	3	8
60	2333	4	8
60	2334	5	8
60	2335	6	8
60	2336	7	8
61	1731	2	8
61	1732	3	8
61	1733	4	8
61	1734	5	8
61	1735	6	8
61	1736	7	8
62	1795	2	8
62	1796	3	8
62	1797	4	8
62	1798	5	8
62	1799	6	8
62	1800	7	8
63	2371	2	8
63	2372	3	8
63	2373	4	8
63	2374	5	8
63	2375	6	8
63	2376	7	8
64	2435	2	8
64	2436	3	8
64	2437	4	8
64	2438	5	8
64	2439	6	8
64	2440	7	8
65	2499	2	8
65	2500	3	8
65	2501	4	8
65	2502	5	8
65	2503	6	8
65	2504	7	8
66	1859	2	8
66	1860	3	8
66	1861	4	8
66	1862	5	8
66	1863	6	8
66	1864	7	8
67	1923	2	8
67	1924	3	8
67	1925	4	8
67	1926	5	8
67	1927	6	8
67	1928	7	8
68	1987	2	8
68	1988	3	8
68	1989	4	8
68	1990	5	8
68	1991	6	8
68	1992	7	8
69	2051	2	8
69	2052	3	8
69	2053	4	8
69	2054	5	8
69	2055	6	8
69	2056	7	8
70	2115	2	8
70	2116	3	8
70	2117	4	8
70	2118	5	8
70	2119	6	8
70	2120	7	8
71	2179	2	8
71	2180	3	8
71	2181	4	8
71	2182	5	8
71	2183	6	8
71	2184	7	8
72	2243	2	8
72	2244	3	8
72	2245	4	8
72	2246	5	8
72	2247	6	8
72	2248	7	8
73	2307	2	8
73	2308	3	8
73	2309	4	8
73	2310	5	8
73	2311	6	8
73	2312	7	8
74	1747	2	8
74	1748	3	8
74	1749	4	8
74	1750	5	8
74	1751	6	8
74	1752	7	8
75	1811	2	8
75	1812	3	8
75	1813	4	8
75	1814	5	8
75	1815	6	8
75	1816	7	8
76	2387	2	8
76	2388	3	8
76	2389	4	8
76	2390	5	8
76	2391	6	8
76	2392	7	8
77	2451	2	8
77	2452	3	8
77	2453	4	8
77	2454	5	8
77	2455	6	8
77	2456	7	8
78	2515	2	8
78	2516	3	8
78	2517	4	8
78	2518	5	8
78	2519	6	8
78	2520	7	8
79	1875	2	8
79	1876	3	8
79	1877	4	8
79	1878	5	8
79	1879	6	8
79	1880	7	8
80	1939	2	8
80	1940	3	8
80	1941	4	8
80	1942	5	8
80	1943	6	8
80	1944	7	8
81	2003	2	8
81	2004	3	8
81	2005	4	8
81	2006	5	8
81	2007	6	8
81	2008	7	8
82	2067	2	8
82	2068	3	8
82	2069	4	8
82	2070	5	8
82	2071	6	8
82	2072	7	8
83	2131	2	8
83	2132	3	8
83	2133	4	8
83	2134	5	8
83	2135	6	8
83	2136	7	8
84	2195	2	8
84	2196	3	8
84	2197	4	8
84	2198	5	8
84	2199	6	8
84	2200	7	8
85	2259	2	8
85	2260	3	8
85	2261	4	8
85	2262	5	8
85	2263	6	8
85	2264	7	8
86	2323	2	8
86	2324	3	8
86	2325	4	8
86	2326	5	8
86	2327	6	8
86	2328	7	8
87	1739	2	8
87	1740	3	8
87	1741	4	8
87	1742	5	8
87	1743	6	8
87	1744	7	8
88	1803	2	8
88	1804	3	8
88	1805	4	8
88	1806	5	8
88	1807	6	8
88	1808	7	8
89	2379	2	8
89	2380	3	8
89	2381	4	8
89	2382	5	8
89	2383	6	8
89	2384	7	8
90	2443	2	8
90	2444	3	8
90	2445	4	8
90	2446	5	8
90	2447	6	8
90	2448	7	8
91	2507	2	8
91	2508	3	8
91	2509	4	8
91	2510	5	8
91	2511	6	8
91	2512	7	8
92	1867	2	8
92	1868	3	8
92	1869	4	8
92	1870	5	8
92	1871	6	8
92	1872	7	8
93	1931	2	8
93	1932	3	8
93	1933	4	8
93	1934	5	8
93	1935	6	8
93	1936	7	8
94	1995	2	8
94	1996	3	8
94	1997	4	8
94	1998	5	8
94	1999	6	8
94	2000	7	8
95	2059	2	8
95	2060	3	8
95	2061	4	8
95	2062	5	8
95	2063	6	8
95	2064	7	8
96	2123	2	8
96	2124	3	8
96	2125	4	8
96	2126	5	8
96	2127	6	8
96	2128	7	8
97	2187	2	8
97	2188	3	8
97	2189	4	8
97	2190	5	8
97	2191	6	8
97	2192	7	8
98	2251	2	8
98	2252	3	8
98	2253	4	8
98	2254	5	8
98	2255	6	8
98	2256	7	8
99	2315	2	8
99	2316	3	8
99	2317	4	8
99	2318	5	8
99	2319	6	8
99	2320	7	8
100	1771	2	8
100	1772	3	8
100	1773	4	8
100	1774	5	8
100	1775	6	8
100	1776	7	8
101	1835	2	8
101	1836	3	8
101	1837	4	8
101	1838	5	8
101	1839	6	8
101	1840	7	8
102	2411	2	8
102	2412	3	8
102	2413	4	8
102	2414	5	8
102	2415	6	8
102	2416	7	8
103	2475	2	8
103	2476	3	8
103	2477	4	8
103	2478	5	8
103	2479	6	8
103	2480	7	8
104	1899	2	8
104	1900	3	8
104	1901	4	8
104	1902	5	8
104	1903	6	8
104	1904	7	8
105	1963	2	8
105	1964	3	8
105	1965	4	8
105	1966	5	8
105	1967	6	8
105	1968	7	8
106	2027	2	8
106	2028	3	8
106	2029	4	8
106	2030	5	8
106	2031	6	8
106	2032	7	8
107	2091	2	8
107	2092	3	8
107	2093	4	8
107	2094	5	8
107	2095	6	8
107	2096	7	8
108	2155	2	8
108	2156	3	8
108	2157	4	8
108	2158	5	8
108	2159	6	8
108	2160	7	8
109	2219	2	8
109	2220	3	8
109	2221	4	8
109	2222	5	8
109	2223	6	8
109	2224	7	8
110	2283	2	8
110	2284	3	8
110	2285	4	8
110	2286	5	8
110	2287	6	8
110	2288	7	8
111	2347	2	8
111	2348	3	8
111	2349	4	8
111	2350	5	8
111	2351	6	8
111	2352	7	8
112	1779	2	8
112	1780	3	8
112	1781	4	8
112	1782	5	8
112	1783	6	8
112	1784	7	8
113	1843	2	8
113	1844	3	8
113	1845	4	8
113	1846	5	8
113	1847	6	8
113	1848	7	8
114	2419	2	8
114	2420	3	8
114	2421	4	8
114	2422	5	8
114	2423	6	8
114	2424	7	8
115	2483	2	8
115	2484	3	8
115	2485	4	8
115	2486	5	8
115	2487	6	8
115	2488	7	8
116	1907	2	8
116	1908	3	8
116	1909	4	8
116	1910	5	8
116	1911	6	8
116	1912	7	8
117	1971	2	8
117	1972	3	8
117	1973	4	8
117	1974	5	8
117	1975	6	8
117	1976	7	8
118	2035	2	8
118	2036	3	8
118	2037	4	8
118	2038	5	8
118	2039	6	8
118	2040	7	8
119	2099	2	8
119	2100	3	8
119	2101	4	8
119	2102	5	8
119	2103	6	8
119	2104	7	8
120	2163	2	8
120	2164	3	8
120	2165	4	8
120	2166	5	8
120	2167	6	8
120	2168	7	8
121	2227	2	8
121	2228	3	8
121	2229	4	8
121	2230	5	8
121	2231	6	8
121	2232	7	8
122	2291	2	8
122	2292	3	8
122	2293	4	8
122	2294	5	8
122	2295	6	8
122	2296	7	8
123	2355	2	8
123	2356	3	8
123	2357	4	8
123	2358	5	8
123	2359	6	8
123	2360	7	8
124	1763	2	8
124	1764	3	8
124	1765	4	8
124	1766	5	8
124	1767	6	8
124	1768	7	8
125	1827	2	8
125	1828	3	8
125	1829	4	8
125	1830	5	8
125	1831	6	8
125	1832	7	8
126	2403	2	8
126	2404	3	8
126	2405	4	8
126	2406	5	8
126	2407	6	8
126	2408	7	8
127	2467	2	8
127	2468	3	8
127	2469	4	8
127	2470	5	8
127	2471	6	8
127	2472	7	8
128	1891	2	8
128	1892	3	8
128	1893	4	8
128	1894	5	8
128	1895	6	8
128	1896	7	8
129	1955	2	8
129	1956	3	8
129	1957	4	8
129	1958	5	8
129	1959	6	8
129	1960	7	8
130	2019	2	8
130	2020	3	8
130	2021	4	8
130	2022	5	8
130	2023	6	8
130	2024	7	8
131	2083	2	8
131	2084	3	8
131	2085	4	8
131	2086	5	8
131	2087	6	8
131	2088	7	8
132	2147	2	8
132	2148	3	8
132	2149	4	8
132	2150	5	8
132	2151	6	8
132	2152	7	8
133	2211	2	8
133	2212	3	8
133	2213	4	8
133	2214	5	8
133	2215	6	8
133	2216	7	8
134	2275	2	8
134	2276	3	8
134	2277	4	8
134	2278	5	8
134	2279	6	8
134	2280	7	8
135	2339	2	8
135	2340	3	8
135	2341	4	8
135	2342	5	8
135	2343	6	8
135	2344	7	8
136	1787	2	8
136	1788	3	8
136	1789	4	8
136	1790	5	8
136	1791	6	8
136	1792	7	8
137	1851	2	8
137	1852	3	8
137	1853	4	8
137	1854	5	8
137	1855	6	8
137	1856	7	8
138	2427	2	8
138	2428	3	8
138	2429	4	8
138	2430	5	8
138	2431	6	8
138	2432	7	8
139	2491	2	8
139	2492	3	8
139	2493	4	8
139	2494	5	8
139	2495	6	8
139	2496	7	8
140	1915	2	8
140	1916	3	8
140	1917	4	8
140	1918	5	8
140	1919	6	8
140	1920	7	8
141	1979	2	8
141	1980	3	8
141	1981	4	8
141	1982	5	8
141	1983	6	8
141	1984	7	8
142	2043	2	8
142	2044	3	8
142	2045	4	8
142	2046	5	8
142	2047	6	8
142	2048	7	8
143	2107	2	8
143	2108	3	8
143	2109	4	8
143	2110	5	8
143	2111	6	8
143	2112	7	8
144	2171	2	8
144	2172	3	8
144	2173	4	8
144	2174	5	8
144	2175	6	8
144	2176	7	8
145	2235	2	8
145	2236	3	8
145	2237	4	8
145	2238	5	8
145	2239	6	8
145	2240	7	8
146	2299	2	8
146	2300	3	8
146	2301	4	8
146	2302	5	8
146	2303	6	8
146	2304	7	8
147	2363	2	8
147	2364	3	8
147	2365	4	8
147	2366	5	8
147	2367	6	8
147	2368	7	8
148	1755	2	8
148	1756	3	8
148	1757	4	8
148	1758	5	8
148	1759	6	8
148	1760	7	8
149	1819	2	8
149	1820	3	8
149	1821	4	8
149	1822	5	8
149	1823	6	8
149	1824	7	8
150	2395	2	8
150	2396	3	8
150	2397	4	8
150	2398	5	8
150	2399	6	8
150	2400	7	8
151	2459	2	8
151	2460	3	8
151	2461	4	8
151	2462	5	8
151	2463	6	8
151	2464	7	8
152	2523	2	8
152	2524	3	8
152	2525	4	8
152	2526	5	8
152	2527	6	8
152	2528	7	8
153	1883	2	8
153	1884	3	8
153	1885	4	8
153	1886	5	8
153	1887	6	8
153	1888	7	8
154	1947	2	8
154	1948	3	8
154	1949	4	8
154	1950	5	8
154	1951	6	8
154	1952	7	8
155	2011	2	8
155	2012	3	8
155	2013	4	8
155	2014	5	8
155	2015	6	8
155	2016	7	8
156	2075	2	8
156	2076	3	8
156	2077	4	8
156	2078	5	8
156	2079	6	8
156	2080	7	8
157	2139	2	8
157	2140	3	8
157	2141	4	8
157	2142	5	8
157	2143	6	8
157	2144	7	8
158	2203	2	8
158	2204	3	8
158	2205	4	8
158	2206	5	8
158	2207	6	8
158	2208	7	8
159	2267	2	8
159	2268	3	8
159	2269	4	8
159	2270	5	8
159	2271	6	8
159	2272	7	8
160	2331	2	8
160	2332	3	8
160	2333	4	8
160	2334	5	8
160	2335	6	8
160	2336	7	8
161	1731	2	8
161	1732	3	8
161	1733	4	8
161	1734	5	8
161	1735	6	8
161	1736	7	8
162	1795	2	8
162	1796	3	8
162	1797	4	8
162	1798	5	8
162	1799	6	8
162	1800	7	8
163	2371	2	8
163	2372	3	8
163	2373	4	8
163	2374	5	8
163	2375	6	8
163	2376	7	8
164	2435	2	8
164	2436	3	8
164	2437	4	8
164	2438	5	8
164	2439	6	8
164	2440	7	8
165	2499	2	8
165	2500	3	8
165	2501	4	8
165	2502	5	8
165	2503	6	8
165	2504	7	8
166	1859	2	8
166	1860	3	8
166	1861	4	8
166	1862	5	8
166	1863	6	8
166	1864	7	8
167	1923	2	8
167	1924	3	8
167	1925	4	8
167	1926	5	8
167	1927	6	8
167	1928	7	8
168	1987	2	8
168	1988	3	8
168	1989	4	8
168	1990	5	8
168	1991	6	8
168	1992	7	8
169	2051	2	8
169	2052	3	8
169	2053	4	8
169	2054	5	8
169	2055	6	8
169	2056	7	8
170	2115	2	8
170	2116	3	8
170	2117	4	8
170	2118	5	8
170	2119	6	8
170	2120	7	8
171	2179	2	8
171	2180	3	8
171	2181	4	8
171	2182	5	8
171	2183	6	8
171	2184	7	8
172	2243	2	8
172	2244	3	8
172	2245	4	8
172	2246	5	8
172	2247	6	8
172	2248	7	8
173	2307	2	8
173	2308	3	8
173	2309	4	8
173	2310	5	8
173	2311	6	8
173	2312	7	8
174	1747	2	8
174	1748	3	8
174	1749	4	8
174	1750	5	8
174	1751	6	8
174	1752	7	8
175	1811	2	8
175	1812	3	8
175	1813	4	8
175	1814	5	8
175	1815	6	8
175	1816	7	8
176	2387	2	8
176	2388	3	8
176	2389	4	8
176	2390	5	8
176	2391	6	8
176	2392	7	8
177	2451	2	8
177	2452	3	8
177	2453	4	8
177	2454	5	8
177	2455	6	8
177	2456	7	8
178	2515	2	8
178	2516	3	8
178	2517	4	8
178	2518	5	8
178	2519	6	8
178	2520	7	8
179	1875	2	8
179	1876	3	8
179	1877	4	8
179	1878	5	8
179	1879	6	8
179	1880	7	8
180	1939	2	8
180	1940	3	8
180	1941	4	8
180	1942	5	8
180	1943	6	8
180	1944	7	8
181	2003	2	8
181	2004	3	8
181	2005	4	8
181	2006	5	8
181	2007	6	8
181	2008	7	8
182	2067	2	8
182	2068	3	8
182	2069	4	8
182	2070	5	8
182	2071	6	8
182	2072	7	8
183	2131	2	8
183	2132	3	8
183	2133	4	8
183	2134	5	8
183	2135	6	8
183	2136	7	8
184	2195	2	8
184	2196	3	8
184	2197	4	8
184	2198	5	8
184	2199	6	8
184	2200	7	8
185	2259	2	8
185	2260	3	8
185	2261	4	8
185	2262	5	8
185	2263	6	8
185	2264	7	8
186	2323	2	8
186	2324	3	8
186	2325	4	8
186	2326	5	8
186	2327	6	8
186	2328	7	8
187	1739	2	8
187	1740	3	8
187	1741	4	8
187	1742	5	8
187	1743	6	8
187	1744	7	8
188	1803	2	8
188	1804	3	8
188	1805	4	8
188	1806	5	8
188	1807	6	8
188	1808	7	8
189	2379	2	8
189	2380	3	8
189	2381	4	8
189	2382	5	8
189	2383	6	8
189	2384	7	8
190	2443	2	8
190	2444	3	8
190	2445	4	8
190	2446	5	8
190	2447	6	8
190	2448	7	8
191	2507	2	8
191	2508	3	8
191	2509	4	8
191	2510	5	8
191	2511	6	8
191	2512	7	8
192	1867	2	8
192	1868	3	8
192	1869	4	8
192	1870	5	8
192	1871	6	8
192	1872	7	8
193	1931	2	8
193	1932	3	8
193	1933	4	8
193	1934	5	8
193	1935	6	8
193	1936	7	8
194	1995	2	8
194	1996	3	8
194	1997	4	8
194	1998	5	8
194	1999	6	8
194	2000	7	8
195	2059	2	8
195	2060	3	8
195	2061	4	8
195	2062	5	8
195	2063	6	8
195	2064	7	8
196	2123	2	8
196	2124	3	8
196	2125	4	8
196	2126	5	8
196	2127	6	8
196	2128	7	8
197	2187	2	8
197	2188	3	8
197	2189	4	8
197	2190	5	8
197	2191	6	8
197	2192	7	8
198	2251	2	8
198	2252	3	8
198	2253	4	8
198	2254	5	8
198	2255	6	8
198	2256	7	8
199	2315	2	8
199	2316	3	8
199	2317	4	8
199	2318	5	8
199	2319	6	8
199	2320	7	8
200	1771	2	8
200	1772	3	8
200	1773	4	8
200	1774	5	8
200	1775	6	8
200	1776	7	8
201	1835	2	8
201	1836	3	8
201	1837	4	8
201	1838	5	8
201	1839	6	8
201	1840	7	8
202	2411	2	8
202	2412	3	8
202	2413	4	8
202	2414	5	8
202	2415	6	8
202	2416	7	8
203	2475	2	8
203	2476	3	8
203	2477	4	8
203	2478	5	8
203	2479	6	8
203	2480	7	8
204	1899	2	8
204	1900	3	8
204	1901	4	8
204	1902	5	8
204	1903	6	8
204	1904	7	8
205	1963	2	8
205	1964	3	8
205	1965	4	8
205	1966	5	8
205	1967	6	8
205	1968	7	8
206	2027	2	8
206	2028	3	8
206	2029	4	8
206	2030	5	8
206	2031	6	8
206	2032	7	8
207	2091	2	8
207	2092	3	8
207	2093	4	8
207	2094	5	8
207	2095	6	8
207	2096	7	8
208	2155	2	8
208	2156	3	8
208	2157	4	8
208	2158	5	8
208	2159	6	8
208	2160	7	8
209	2219	2	8
209	2220	3	8
209	2221	4	8
209	2222	5	8
209	2223	6	8
209	2224	7	8
210	2283	2	8
210	2284	3	8
210	2285	4	8
210	2286	5	8
210	2287	6	8
210	2288	7	8
211	2347	2	8
211	2348	3	8
211	2349	4	8
211	2350	5	8
211	2351	6	8
211	2352	7	8
212	1779	2	8
212	1780	3	8
212	1781	4	8
212	1782	5	8
212	1783	6	8
212	1784	7	8
213	1843	2	8
213	1844	3	8
213	1845	4	8
213	1846	5	8
213	1847	6	8
213	1848	7	8
214	2419	2	8
214	2420	3	8
214	2421	4	8
214	2422	5	8
214	2423	6	8
214	2424	7	8
215	2483	2	8
215	2484	3	8
215	2485	4	8
215	2486	5	8
215	2487	6	8
215	2488	7	8
216	1907	2	8
216	1908	3	8
216	1909	4	8
216	1910	5	8
216	1911	6	8
216	1912	7	8
217	1971	2	8
217	1972	3	8
217	1973	4	8
217	1974	5	8
217	1975	6	8
217	1976	7	8
218	2035	2	8
218	2036	3	8
218	2037	4	8
218	2038	5	8
218	2039	6	8
218	2040	7	8
219	2099	2	8
219	2100	3	8
219	2101	4	8
219	2102	5	8
219	2103	6	8
219	2104	7	8
220	2163	2	8
220	2164	3	8
220	2165	4	8
220	2166	5	8
220	2167	6	8
220	2168	7	8
221	2227	2	8
221	2228	3	8
221	2229	4	8
221	2230	5	8
221	2231	6	8
221	2232	7	8
222	2291	2	8
222	2292	3	8
222	2293	4	8
222	2294	5	8
222	2295	6	8
222	2296	7	8
223	2355	2	8
223	2356	3	8
223	2357	4	8
223	2358	5	8
223	2359	6	8
223	2360	7	8
224	1763	2	8
224	1764	3	8
224	1765	4	8
224	1766	5	8
224	1767	6	8
224	1768	7	8
225	1827	2	8
225	1828	3	8
225	1829	4	8
225	1830	5	8
225	1831	6	8
225	1832	7	8
226	2403	2	8
226	2404	3	8
226	2405	4	8
226	2406	5	8
226	2407	6	8
226	2408	7	8
227	2467	2	8
227	2468	3	8
227	2469	4	8
227	2470	5	8
227	2471	6	8
227	2472	7	8
228	1891	2	8
228	1892	3	8
228	1893	4	8
228	1894	5	8
228	1895	6	8
228	1896	7	8
229	1955	2	8
229	1956	3	8
229	1957	4	8
229	1958	5	8
229	1959	6	8
229	1960	7	8
230	2019	2	8
230	2020	3	8
230	2021	4	8
230	2022	5	8
230	2023	6	8
230	2024	7	8
231	2083	2	8
231	2084	3	8
231	2085	4	8
231	2086	5	8
231	2087	6	8
231	2088	7	8
232	2147	2	8
232	2148	3	8
232	2149	4	8
232	2150	5	8
232	2151	6	8
232	2152	7	8
233	2211	2	8
233	2212	3	8
233	2213	4	8
233	2214	5	8
233	2215	6	8
233	2216	7	8
234	2275	2	8
234	2276	3	8
234	2277	4	8
234	2278	5	8
234	2279	6	8
234	2280	7	8
235	2339	2	8
235	2340	3	8
235	2341	4	8
235	2342	5	8
235	2343	6	8
235	2344	7	8
236	1787	2	8
236	1788	3	8
236	1789	4	8
236	1790	5	8
236	1791	6	8
236	1792	7	8
237	1851	2	8
237	1852	3	8
237	1853	4	8
237	1854	5	8
237	1855	6	8
237	1856	7	8
238	2427	2	8
238	2428	3	8
238	2429	4	8
238	2430	5	8
238	2431	6	8
238	2432	7	8
239	2491	2	8
239	2492	3	8
239	2493	4	8
239	2494	5	8
239	2495	6	8
239	2496	7	8
240	1915	2	8
240	1916	3	8
240	1917	4	8
240	1918	5	8
240	1919	6	8
240	1920	7	8
241	1979	2	8
241	1980	3	8
241	1981	4	8
241	1982	5	8
241	1983	6	8
241	1984	7	8
242	2043	2	8
242	2044	3	8
242	2045	4	8
242	2046	5	8
242	2047	6	8
242	2048	7	8
243	2107	2	8
243	2108	3	8
243	2109	4	8
243	2110	5	8
243	2111	6	8
243	2112	7	8
244	2171	2	8
244	2172	3	8
244	2173	4	8
244	2174	5	8
244	2175	6	8
244	2176	7	8
245	2235	2	8
245	2236	3	8
245	2237	4	8
245	2238	5	8
245	2239	6	8
245	2240	7	8
246	2299	2	8
246	2300	3	8
246	2301	4	8
246	2302	5	8
246	2303	6	8
246	2304	7	8
247	2363	2	8
247	2364	3	8
247	2365	4	8
247	2366	5	8
247	2367	6	8
247	2368	7	8
248	1755	2	8
248	1756	3	8
248	1757	4	8
248	1758	5	8
248	1759	6	8
248	1760	7	8
249	1819	2	8
249	1820	3	8
249	1821	4	8
249	1822	5	8
249	1823	6	8
249	1824	7	8
250	2395	2	8
250	2396	3	8
250	2397	4	8
250	2398	5	8
250	2399	6	8
250	2400	7	8
251	2459	2	8
251	2460	3	8
251	2461	4	8
251	2462	5	8
251	2463	6	8
251	2464	7	8
252	2523	2	8
252	2524	3	8
252	2525	4	8
252	2526	5	8
252	2527	6	8
252	2528	7	8
253	1883	2	8
253	1884	3	8
253	1885	4	8
253	1886	5	8
253	1887	6	8
253	1888	7	8
254	1947	2	8
254	1948	3	8
254	1949	4	8
254	1950	5	8
254	1951	6	8
254	1952	7	8
255	2011	2	8
255	2012	3	8
255	2013	4	8
255	2014	5	8
255	2015	6	8
255	2016	7	8
256	2075	2	8
256	2076	3	8
256	2077	4	8
256	2078	5	8
256	2079	6	8
256	2080	7	8
257	2139	2	8
257	2140	3	8
257	2141	4	8
257	2142	5	8
257	2143	6	8
257	2144	7	8
258	2203	2	8
258	2204	3	8
258	2205	4	8
258	2206	5	8
258	2207	6	8
258	2208	7	8
259	2267	2	8
259	2268	3	8
259	2269	4	8
259	2270	5	8
259	2271	6	8
259	2272	7	8
260	2331	2	8
260	2332	3	8
260	2333	4	8
260	2334	5	8
260	2335	6	8
260	2336	7	8
261	1731	2	8
261	1732	3	8
261	1733	4	8
261	1734	5	8
261	1735	6	8
261	1736	7	8
262	1795	2	8
262	1796	3	8
262	1797	4	8
262	1798	5	8
262	1799	6	8
262	1800	7	8
263	2371	2	8
263	2372	3	8
263	2373	4	8
263	2374	5	8
263	2375	6	8
263	2376	7	8
264	2435	2	8
264	2436	3	8
264	2437	4	8
264	2438	5	8
264	2439	6	8
264	2440	7	8
265	2499	2	8
265	2500	3	8
265	2501	4	8
265	2502	5	8
265	2503	6	8
265	2504	7	8
266	1859	2	8
266	1860	3	8
266	1861	4	8
266	1862	5	8
266	1863	6	8
266	1864	7	8
267	1923	2	8
267	1924	3	8
267	1925	4	8
267	1926	5	8
267	1927	6	8
267	1928	7	8
268	1987	2	8
268	1988	3	8
268	1989	4	8
268	1990	5	8
268	1991	6	8
268	1992	7	8
269	2051	2	8
269	2052	3	8
269	2053	4	8
269	2054	5	8
269	2055	6	8
269	2056	7	8
270	2115	2	8
270	2116	3	8
270	2117	4	8
270	2118	5	8
270	2119	6	8
270	2120	7	8
271	2179	2	8
271	2180	3	8
271	2181	4	8
271	2182	5	8
271	2183	6	8
271	2184	7	8
272	2243	2	8
272	2244	3	8
272	2245	4	8
272	2246	5	8
272	2247	6	8
272	2248	7	8
273	2307	2	8
273	2308	3	8
273	2309	4	8
273	2310	5	8
273	2311	6	8
273	2312	7	8
274	1747	2	8
274	1748	3	8
274	1749	4	8
274	1750	5	8
274	1751	6	8
274	1752	7	8
275	1811	2	8
275	1812	3	8
275	1813	4	8
275	1814	5	8
275	1815	6	8
275	1816	7	8
276	2387	2	8
276	2388	3	8
276	2389	4	8
276	2390	5	8
276	2391	6	8
276	2392	7	8
277	2451	2	8
277	2452	3	8
277	2453	4	8
277	2454	5	8
277	2455	6	8
277	2456	7	8
278	2515	2	8
278	2516	3	8
278	2517	4	8
278	2518	5	8
278	2519	6	8
278	2520	7	8
279	1875	2	8
279	1876	3	8
279	1877	4	8
279	1878	5	8
279	1879	6	8
279	1880	7	8
280	1939	2	8
280	1940	3	8
280	1941	4	8
280	1942	5	8
280	1943	6	8
280	1944	7	8
281	2003	2	8
281	2004	3	8
281	2005	4	8
281	2006	5	8
281	2007	6	8
281	2008	7	8
282	2067	2	8
282	2068	3	8
282	2069	4	8
282	2070	5	8
282	2071	6	8
282	2072	7	8
283	2131	2	8
283	2132	3	8
283	2133	4	8
283	2134	5	8
283	2135	6	8
283	2136	7	8
284	2195	2	8
284	2196	3	8
284	2197	4	8
284	2198	5	8
284	2199	6	8
284	2200	7	8
285	2259	2	8
285	2260	3	8
285	2261	4	8
285	2262	5	8
285	2263	6	8
285	2264	7	8
286	2323	2	8
286	2324	3	8
286	2325	4	8
286	2326	5	8
286	2327	6	8
286	2328	7	8
287	1739	2	8
287	1740	3	8
287	1741	4	8
287	1742	5	8
287	1743	6	8
287	1744	7	8
288	1803	2	8
288	1804	3	8
288	1805	4	8
288	1806	5	8
288	1807	6	8
288	1808	7	8
289	2379	2	8
289	2380	3	8
289	2381	4	8
289	2382	5	8
289	2383	6	8
289	2384	7	8
290	2443	2	8
290	2444	3	8
290	2445	4	8
290	2446	5	8
290	2447	6	8
290	2448	7	8
291	2507	2	8
291	2508	3	8
291	2509	4	8
291	2510	5	8
291	2511	6	8
291	2512	7	8
292	1867	2	8
292	1868	3	8
292	1869	4	8
292	1870	5	8
292	1871	6	8
292	1872	7	8
293	1931	2	8
293	1932	3	8
293	1933	4	8
293	1934	5	8
293	1935	6	8
293	1936	7	8
294	1995	2	8
294	1996	3	8
294	1997	4	8
294	1998	5	8
294	1999	6	8
294	2000	7	8
295	2059	2	8
295	2060	3	8
295	2061	4	8
295	2062	5	8
295	2063	6	8
295	2064	7	8
296	2123	2	8
296	2124	3	8
296	2125	4	8
296	2126	5	8
296	2127	6	8
296	2128	7	8
297	2187	2	8
297	2188	3	8
297	2189	4	8
297	2190	5	8
297	2191	6	8
297	2192	7	8
298	2251	2	8
298	2252	3	8
298	2253	4	8
298	2254	5	8
298	2255	6	8
298	2256	7	8
299	2315	2	8
299	2316	3	8
299	2317	4	8
299	2318	5	8
299	2319	6	8
299	2320	7	8
300	1771	2	8
300	1772	3	8
300	1773	4	8
300	1774	5	8
300	1775	6	8
300	1776	7	8
301	1835	2	8
301	1836	3	8
301	1837	4	8
301	1838	5	8
301	1839	6	8
301	1840	7	8
302	2411	2	8
302	2412	3	8
302	2413	4	8
302	2414	5	8
302	2415	6	8
302	2416	7	8
303	2475	2	8
303	2476	3	8
303	2477	4	8
303	2478	5	8
303	2479	6	8
303	2480	7	8
304	1899	2	8
304	1900	3	8
304	1901	4	8
304	1902	5	8
304	1903	6	8
304	1904	7	8
305	1963	2	8
305	1964	3	8
305	1965	4	8
305	1966	5	8
305	1967	6	8
305	1968	7	8
306	2027	2	8
306	2028	3	8
306	2029	4	8
306	2030	5	8
306	2031	6	8
306	2032	7	8
307	2091	2	8
307	2092	3	8
307	2093	4	8
307	2094	5	8
307	2095	6	8
307	2096	7	8
308	2155	2	8
308	2156	3	8
308	2157	4	8
308	2158	5	8
308	2159	6	8
308	2160	7	8
309	2219	2	8
309	2220	3	8
309	2221	4	8
309	2222	5	8
309	2223	6	8
309	2224	7	8
310	2283	2	8
310	2284	3	8
310	2285	4	8
310	2286	5	8
310	2287	6	8
310	2288	7	8
311	2347	2	8
311	2348	3	8
311	2349	4	8
311	2350	5	8
311	2351	6	8
311	2352	7	8
312	1779	2	8
312	1780	3	8
312	1781	4	8
312	1782	5	8
312	1783	6	8
312	1784	7	8
313	1843	2	8
313	1844	3	8
313	1845	4	8
313	1846	5	8
313	1847	6	8
313	1848	7	8
314	2419	2	8
314	2420	3	8
314	2421	4	8
314	2422	5	8
314	2423	6	8
314	2424	7	8
315	2483	2	8
315	2484	3	8
315	2485	4	8
315	2486	5	8
315	2487	6	8
315	2488	7	8
316	1907	2	8
316	1908	3	8
316	1909	4	8
316	1910	5	8
316	1911	6	8
316	1912	7	8
317	1971	2	8
317	1972	3	8
317	1973	4	8
317	1974	5	8
317	1975	6	8
317	1976	7	8
318	2035	2	8
318	2036	3	8
318	2037	4	8
318	2038	5	8
318	2039	6	8
318	2040	7	8
319	2099	2	8
319	2100	3	8
319	2101	4	8
319	2102	5	8
319	2103	6	8
319	2104	7	8
320	2163	2	8
320	2164	3	8
320	2165	4	8
320	2166	5	8
320	2167	6	8
320	2168	7	8
321	2227	2	8
321	2228	3	8
321	2229	4	8
321	2230	5	8
321	2231	6	8
321	2232	7	8
322	2291	2	8
322	2292	3	8
322	2293	4	8
322	2294	5	8
322	2295	6	8
322	2296	7	8
323	2355	2	8
323	2356	3	8
323	2357	4	8
323	2358	5	8
323	2359	6	8
323	2360	7	8
324	1763	2	8
324	1764	3	8
324	1765	4	8
324	1766	5	8
324	1767	6	8
324	1768	7	8
325	1827	2	8
325	1828	3	8
325	1829	4	8
325	1830	5	8
325	1831	6	8
325	1832	7	8
326	2403	2	8
326	2404	3	8
326	2405	4	8
326	2406	5	8
326	2407	6	8
326	2408	7	8
327	2467	2	8
327	2468	3	8
327	2469	4	8
327	2470	5	8
327	2471	6	8
327	2472	7	8
328	1891	2	8
328	1892	3	8
328	1893	4	8
328	1894	5	8
328	1895	6	8
328	1896	7	8
329	1955	2	8
329	1956	3	8
329	1957	4	8
329	1958	5	8
329	1959	6	8
329	1960	7	8
330	2019	2	8
330	2020	3	8
330	2021	4	8
330	2022	5	8
330	2023	6	8
330	2024	7	8
331	2083	2	8
331	2084	3	8
331	2085	4	8
331	2086	5	8
331	2087	6	8
331	2088	7	8
332	2147	2	8
332	2148	3	8
332	2149	4	8
332	2150	5	8
332	2151	6	8
332	2152	7	8
333	2211	2	8
333	2212	3	8
333	2213	4	8
333	2214	5	8
333	2215	6	8
333	2216	7	8
334	2275	2	8
334	2276	3	8
334	2277	4	8
334	2278	5	8
334	2279	6	8
334	2280	7	8
335	2339	2	8
335	2340	3	8
335	2341	4	8
335	2342	5	8
335	2343	6	8
335	2344	7	8
336	1787	2	8
336	1788	3	8
336	1789	4	8
336	1790	5	8
336	1791	6	8
336	1792	7	8
337	1851	2	8
337	1852	3	8
337	1853	4	8
337	1854	5	8
337	1855	6	8
337	1856	7	8
338	2427	2	8
338	2428	3	8
338	2429	4	8
338	2430	5	8
338	2431	6	8
338	2432	7	8
339	2491	2	8
339	2492	3	8
339	2493	4	8
339	2494	5	8
339	2495	6	8
339	2496	7	8
340	1915	2	8
340	1916	3	8
340	1917	4	8
340	1918	5	8
340	1919	6	8
340	1920	7	8
341	1979	2	8
341	1980	3	8
341	1981	4	8
341	1982	5	8
341	1983	6	8
341	1984	7	8
342	2043	2	8
342	2044	3	8
342	2045	4	8
342	2046	5	8
342	2047	6	8
342	2048	7	8
343	2107	2	8
343	2108	3	8
343	2109	4	8
343	2110	5	8
343	2111	6	8
343	2112	7	8
344	2171	2	8
344	2172	3	8
344	2173	4	8
344	2174	5	8
344	2175	6	8
344	2176	7	8
345	2235	2	8
345	2236	3	8
345	2237	4	8
345	2238	5	8
345	2239	6	8
345	2240	7	8
346	2299	2	8
346	2300	3	8
346	2301	4	8
346	2302	5	8
346	2303	6	8
346	2304	7	8
347	2363	2	8
347	2364	3	8
347	2365	4	8
347	2366	5	8
347	2367	6	8
347	2368	7	8
348	1755	2	8
348	1756	3	8
348	1757	4	8
348	1758	5	8
348	1759	6	8
348	1760	7	8
349	1819	2	8
349	1820	3	8
349	1821	4	8
349	1822	5	8
349	1823	6	8
349	1824	7	8
350	2395	2	8
350	2396	3	8
350	2397	4	8
350	2398	5	8
350	2399	6	8
350	2400	7	8
351	2459	2	8
351	2460	3	8
351	2461	4	8
351	2462	5	8
351	2463	6	8
351	2464	7	8
352	2523	2	8
352	2524	3	8
352	2525	4	8
352	2526	5	8
352	2527	6	8
352	2528	7	8
353	1883	2	8
353	1884	3	8
353	1885	4	8
353	1886	5	8
353	1887	6	8
353	1888	7	8
354	1947	2	8
354	1948	3	8
354	1949	4	8
354	1950	5	8
354	1951	6	8
354	1952	7	8
355	2011	2	8
355	2012	3	8
355	2013	4	8
355	2014	5	8
355	2015	6	8
355	2016	7	8
356	2075	2	8
356	2076	3	8
356	2077	4	8
356	2078	5	8
356	2079	6	8
356	2080	7	8
357	2139	2	8
357	2140	3	8
357	2141	4	8
357	2142	5	8
357	2143	6	8
357	2144	7	8
358	2203	2	8
358	2204	3	8
358	2205	4	8
358	2206	5	8
358	2207	6	8
358	2208	7	8
359	2267	2	8
359	2268	3	8
359	2269	4	8
359	2270	5	8
359	2271	6	8
359	2272	7	8
360	2331	2	8
360	2332	3	8
360	2333	4	8
360	2334	5	8
360	2335	6	8
360	2336	7	8
361	1731	2	8
361	1732	3	8
361	1733	4	8
361	1734	5	8
361	1735	6	8
361	1736	7	8
362	1795	2	8
362	1796	3	8
362	1797	4	8
362	1798	5	8
362	1799	6	8
362	1800	7	8
363	2371	2	8
363	2372	3	8
363	2373	4	8
363	2374	5	8
363	2375	6	8
363	2376	7	8
364	2435	2	8
364	2436	3	8
364	2437	4	8
364	2438	5	8
364	2439	6	8
364	2440	7	8
365	2499	2	8
365	2500	3	8
365	2501	4	8
365	2502	5	8
365	2503	6	8
365	2504	7	8
366	1859	2	8
366	1860	3	8
366	1861	4	8
366	1862	5	8
366	1863	6	8
366	1864	7	8
367	1923	2	8
367	1924	3	8
367	1925	4	8
367	1926	5	8
367	1927	6	8
367	1928	7	8
368	1987	2	8
368	1988	3	8
368	1989	4	8
368	1990	5	8
368	1991	6	8
368	1992	7	8
369	2051	2	8
369	2052	3	8
369	2053	4	8
369	2054	5	8
369	2055	6	8
369	2056	7	8
370	2115	2	8
370	2116	3	8
370	2117	4	8
370	2118	5	8
370	2119	6	8
370	2120	7	8
371	2179	2	8
371	2180	3	8
371	2181	4	8
371	2182	5	8
371	2183	6	8
371	2184	7	8
372	2243	2	8
372	2244	3	8
372	2245	4	8
372	2246	5	8
372	2247	6	8
372	2248	7	8
373	2307	2	8
373	2308	3	8
373	2309	4	8
373	2310	5	8
373	2311	6	8
373	2312	7	8
374	1747	2	8
374	1748	3	8
374	1749	4	8
374	1750	5	8
374	1751	6	8
374	1752	7	8
375	1811	2	8
375	1812	3	8
375	1813	4	8
375	1814	5	8
375	1815	6	8
375	1816	7	8
376	2387	2	8
376	2388	3	8
376	2389	4	8
376	2390	5	8
376	2391	6	8
376	2392	7	8
377	2451	2	8
377	2452	3	8
377	2453	4	8
377	2454	5	8
377	2455	6	8
377	2456	7	8
378	2515	2	8
378	2516	3	8
378	2517	4	8
378	2518	5	8
378	2519	6	8
378	2520	7	8
379	1875	2	8
379	1876	3	8
379	1877	4	8
379	1878	5	8
379	1879	6	8
379	1880	7	8
380	1939	2	8
380	1940	3	8
380	1941	4	8
380	1942	5	8
380	1943	6	8
380	1944	7	8
381	2003	2	8
381	2004	3	8
381	2005	4	8
381	2006	5	8
381	2007	6	8
381	2008	7	8
382	2067	2	8
382	2068	3	8
382	2069	4	8
382	2070	5	8
382	2071	6	8
382	2072	7	8
383	2131	2	8
383	2132	3	8
383	2133	4	8
383	2134	5	8
383	2135	6	8
383	2136	7	8
384	2195	2	8
384	2196	3	8
384	2197	4	8
384	2198	5	8
384	2199	6	8
384	2200	7	8
385	2259	2	8
385	2260	3	8
385	2261	4	8
385	2262	5	8
385	2263	6	8
385	2264	7	8
386	2323	2	8
386	2324	3	8
386	2325	4	8
386	2326	5	8
386	2327	6	8
386	2328	7	8
387	1739	2	8
387	1740	3	8
387	1741	4	8
387	1742	5	8
387	1743	6	8
387	1744	7	8
388	1803	2	8
388	1804	3	8
388	1805	4	8
388	1806	5	8
388	1807	6	8
388	1808	7	8
389	2379	2	8
389	2380	3	8
389	2381	4	8
389	2382	5	8
389	2383	6	8
389	2384	7	8
390	2443	2	8
390	2444	3	8
390	2445	4	8
390	2446	5	8
390	2447	6	8
390	2448	7	8
391	2507	2	8
391	2508	3	8
391	2509	4	8
391	2510	5	8
391	2511	6	8
391	2512	7	8
392	1867	2	8
392	1868	3	8
392	1869	4	8
392	1870	5	8
392	1871	6	8
392	1872	7	8
393	1931	2	8
393	1932	3	8
393	1933	4	8
393	1934	5	8
393	1935	6	8
393	1936	7	8
394	1995	2	8
394	1996	3	8
394	1997	4	8
394	1998	5	8
394	1999	6	8
394	2000	7	8
395	2059	2	8
395	2060	3	8
395	2061	4	8
395	2062	5	8
395	2063	6	8
395	2064	7	8
396	2123	2	8
396	2124	3	8
396	2125	4	8
396	2126	5	8
396	2127	6	8
396	2128	7	8
397	2187	2	8
397	2188	3	8
397	2189	4	8
397	2190	5	8
397	2191	6	8
397	2192	7	8
398	2251	2	8
398	2252	3	8
398	2253	4	8
398	2254	5	8
398	2255	6	8
398	2256	7	8
399	2315	2	8
399	2316	3	8
399	2317	4	8
399	2318	5	8
399	2319	6	8
399	2320	7	8
400	1771	2	8
400	1772	3	8
400	1773	4	8
400	1774	5	8
400	1775	6	8
400	1776	7	8
401	1835	2	8
401	1836	3	8
401	1837	4	8
401	1838	5	8
401	1839	6	8
401	1840	7	8
402	2411	2	8
402	2412	3	8
402	2413	4	8
402	2414	5	8
402	2415	6	8
402	2416	7	8
403	2475	2	8
403	2476	3	8
403	2477	4	8
403	2478	5	8
403	2479	6	8
403	2480	7	8
404	1899	2	8
404	1900	3	8
404	1901	4	8
404	1902	5	8
404	1903	6	8
404	1904	7	8
405	1963	2	8
405	1964	3	8
405	1965	4	8
405	1966	5	8
405	1967	6	8
405	1968	7	8
406	2027	2	8
406	2028	3	8
406	2029	4	8
406	2030	5	8
406	2031	6	8
406	2032	7	8
407	2091	2	8
407	2092	3	8
407	2093	4	8
407	2094	5	8
407	2095	6	8
407	2096	7	8
408	2155	2	8
408	2156	3	8
408	2157	4	8
408	2158	5	8
408	2159	6	8
408	2160	7	8
409	2219	2	8
409	2220	3	8
409	2221	4	8
409	2222	5	8
409	2223	6	8
409	2224	7	8
410	2283	2	8
410	2284	3	8
410	2285	4	8
410	2286	5	8
410	2287	6	8
410	2288	7	8
411	2347	2	8
411	2348	3	8
411	2349	4	8
411	2350	5	8
411	2351	6	8
411	2352	7	8
412	1779	2	8
412	1780	3	8
412	1781	4	8
412	1782	5	8
412	1783	6	8
412	1784	7	8
413	1843	2	8
413	1844	3	8
413	1845	4	8
413	1846	5	8
413	1847	6	8
413	1848	7	8
414	2419	2	8
414	2420	3	8
414	2421	4	8
414	2422	5	8
414	2423	6	8
414	2424	7	8
415	2483	2	8
415	2484	3	8
415	2485	4	8
415	2486	5	8
415	2487	6	8
415	2488	7	8
416	1907	2	8
416	1908	3	8
416	1909	4	8
416	1910	5	8
416	1911	6	8
416	1912	7	8
417	1971	2	8
417	1972	3	8
417	1973	4	8
417	1974	5	8
417	1975	6	8
417	1976	7	8
418	2035	2	8
418	2036	3	8
418	2037	4	8
418	2038	5	8
418	2039	6	8
418	2040	7	8
419	2099	2	8
419	2100	3	8
419	2101	4	8
419	2102	5	8
419	2103	6	8
419	2104	7	8
420	2163	2	8
420	2164	3	8
420	2165	4	8
420	2166	5	8
420	2167	6	8
420	2168	7	8
421	2227	2	8
421	2228	3	8
421	2229	4	8
421	2230	5	8
421	2231	6	8
421	2232	7	8
422	2291	2	8
422	2292	3	8
422	2293	4	8
422	2294	5	8
422	2295	6	8
422	2296	7	8
423	2355	2	8
423	2356	3	8
423	2357	4	8
423	2358	5	8
423	2359	6	8
423	2360	7	8
424	1763	2	8
424	1764	3	8
424	1765	4	8
424	1766	5	8
424	1767	6	8
424	1768	7	8
425	1827	2	8
425	1828	3	8
425	1829	4	8
425	1830	5	8
425	1831	6	8
425	1832	7	8
426	2403	2	8
426	2404	3	8
426	2405	4	8
426	2406	5	8
426	2407	6	8
426	2408	7	8
427	2467	2	8
427	2468	3	8
427	2469	4	8
427	2470	5	8
427	2471	6	8
427	2472	7	8
428	1891	2	8
428	1892	3	8
428	1893	4	8
428	1894	5	8
428	1895	6	8
428	1896	7	8
429	1955	2	8
429	1956	3	8
429	1957	4	8
429	1958	5	8
429	1959	6	8
429	1960	7	8
430	2019	2	8
430	2020	3	8
430	2021	4	8
430	2022	5	8
430	2023	6	8
430	2024	7	8
431	2083	2	8
431	2084	3	8
431	2085	4	8
431	2086	5	8
431	2087	6	8
431	2088	7	8
432	2147	2	8
432	2148	3	8
432	2149	4	8
432	2150	5	8
432	2151	6	8
432	2152	7	8
433	2211	2	8
433	2212	3	8
433	2213	4	8
433	2214	5	8
433	2215	6	8
433	2216	7	8
434	2275	2	8
434	2276	3	8
434	2277	4	8
434	2278	5	8
434	2279	6	8
434	2280	7	8
435	2339	2	8
435	2340	3	8
435	2341	4	8
435	2342	5	8
435	2343	6	8
435	2344	7	8
436	1787	2	8
436	1788	3	8
436	1789	4	8
436	1790	5	8
436	1791	6	8
436	1792	7	8
437	1851	2	8
437	1852	3	8
437	1853	4	8
437	1854	5	8
437	1855	6	8
437	1856	7	8
438	2427	2	8
438	2428	3	8
438	2429	4	8
438	2430	5	8
438	2431	6	8
438	2432	7	8
439	2491	2	8
439	2492	3	8
439	2493	4	8
439	2494	5	8
439	2495	6	8
439	2496	7	8
440	1915	2	8
440	1916	3	8
440	1917	4	8
440	1918	5	8
440	1919	6	8
440	1920	7	8
441	1979	2	8
441	1980	3	8
441	1981	4	8
441	1982	5	8
441	1983	6	8
441	1984	7	8
442	2043	2	8
442	2044	3	8
442	2045	4	8
442	2046	5	8
442	2047	6	8
442	2048	7	8
443	2107	2	8
443	2108	3	8
443	2109	4	8
443	2110	5	8
443	2111	6	8
443	2112	7	8
444	2171	2	8
444	2172	3	8
444	2173	4	8
444	2174	5	8
444	2175	6	8
444	2176	7	8
445	2235	2	8
445	2236	3	8
445	2237	4	8
445	2238	5	8
445	2239	6	8
445	2240	7	8
446	2299	2	8
446	2300	3	8
446	2301	4	8
446	2302	5	8
446	2303	6	8
446	2304	7	8
447	2363	2	8
447	2364	3	8
447	2365	4	8
447	2366	5	8
447	2367	6	8
447	2368	7	8
448	1755	2	8
448	1756	3	8
448	1757	4	8
448	1758	5	8
448	1759	6	8
448	1760	7	8
449	1819	2	8
449	1820	3	8
449	1821	4	8
449	1822	5	8
449	1823	6	8
449	1824	7	8
450	2395	2	8
450	2396	3	8
450	2397	4	8
450	2398	5	8
450	2399	6	8
450	2400	7	8
451	2459	2	8
451	2460	3	8
451	2461	4	8
451	2462	5	8
451	2463	6	8
451	2464	7	8
452	2523	2	8
452	2524	3	8
452	2525	4	8
452	2526	5	8
452	2527	6	8
452	2528	7	8
453	1883	2	8
453	1884	3	8
453	1885	4	8
453	1886	5	8
453	1887	6	8
453	1888	7	8
454	1947	2	8
454	1948	3	8
454	1949	4	8
454	1950	5	8
454	1951	6	8
454	1952	7	8
455	2011	2	8
455	2012	3	8
455	2013	4	8
455	2014	5	8
455	2015	6	8
455	2016	7	8
456	2075	2	8
456	2076	3	8
456	2077	4	8
456	2078	5	8
456	2079	6	8
456	2080	7	8
457	2139	2	8
457	2140	3	8
457	2141	4	8
457	2142	5	8
457	2143	6	8
457	2144	7	8
458	2203	2	8
458	2204	3	8
458	2205	4	8
458	2206	5	8
458	2207	6	8
458	2208	7	8
459	2267	2	8
459	2268	3	8
459	2269	4	8
459	2270	5	8
459	2271	6	8
459	2272	7	8
460	2331	2	8
460	2332	3	8
460	2333	4	8
460	2334	5	8
460	2335	6	8
460	2336	7	8
461	1731	2	8
461	1732	3	8
461	1733	4	8
461	1734	5	8
461	1735	6	8
461	1736	7	8
462	1795	2	8
462	1796	3	8
462	1797	4	8
462	1798	5	8
462	1799	6	8
462	1800	7	8
463	2371	2	8
463	2372	3	8
463	2373	4	8
463	2374	5	8
463	2375	6	8
463	2376	7	8
464	2435	2	8
464	2436	3	8
464	2437	4	8
464	2438	5	8
464	2439	6	8
464	2440	7	8
465	2499	2	8
465	2500	3	8
465	2501	4	8
465	2502	5	8
465	2503	6	8
465	2504	7	8
466	1859	2	8
466	1860	3	8
466	1861	4	8
466	1862	5	8
466	1863	6	8
466	1864	7	8
467	1923	2	8
467	1924	3	8
467	1925	4	8
467	1926	5	8
467	1927	6	8
467	1928	7	8
468	1987	2	8
468	1988	3	8
468	1989	4	8
468	1990	5	8
468	1991	6	8
468	1992	7	8
469	2051	2	8
469	2052	3	8
469	2053	4	8
469	2054	5	8
469	2055	6	8
469	2056	7	8
470	2115	2	8
470	2116	3	8
470	2117	4	8
470	2118	5	8
470	2119	6	8
470	2120	7	8
471	2179	2	8
471	2180	3	8
471	2181	4	8
471	2182	5	8
471	2183	6	8
471	2184	7	8
472	2243	2	8
472	2244	3	8
472	2245	4	8
472	2246	5	8
472	2247	6	8
472	2248	7	8
473	2307	2	8
473	2308	3	8
473	2309	4	8
473	2310	5	8
473	2311	6	8
473	2312	7	8
474	1747	2	8
474	1748	3	8
474	1749	4	8
474	1750	5	8
474	1751	6	8
474	1752	7	8
475	1811	2	8
475	1812	3	8
475	1813	4	8
475	1814	5	8
475	1815	6	8
475	1816	7	8
476	2387	2	8
476	2388	3	8
476	2389	4	8
476	2390	5	8
476	2391	6	8
476	2392	7	8
477	2451	2	8
477	2452	3	8
477	2453	4	8
477	2454	5	8
477	2455	6	8
477	2456	7	8
478	2515	2	8
478	2516	3	8
478	2517	4	8
478	2518	5	8
478	2519	6	8
478	2520	7	8
479	1875	2	8
479	1876	3	8
479	1877	4	8
479	1878	5	8
479	1879	6	8
479	1880	7	8
480	1939	2	8
480	1940	3	8
480	1941	4	8
480	1942	5	8
480	1943	6	8
480	1944	7	8
481	2003	2	8
481	2004	3	8
481	2005	4	8
481	2006	5	8
481	2007	6	8
481	2008	7	8
482	2067	2	8
482	2068	3	8
482	2069	4	8
482	2070	5	8
482	2071	6	8
482	2072	7	8
483	2131	2	8
483	2132	3	8
483	2133	4	8
483	2134	5	8
483	2135	6	8
483	2136	7	8
484	2195	2	8
484	2196	3	8
484	2197	4	8
484	2198	5	8
484	2199	6	8
484	2200	7	8
485	2259	2	8
485	2260	3	8
485	2261	4	8
485	2262	5	8
485	2263	6	8
485	2264	7	8
486	2323	2	8
486	2324	3	8
486	2325	4	8
486	2326	5	8
486	2327	6	8
486	2328	7	8
487	1739	2	8
487	1740	3	8
487	1741	4	8
487	1742	5	8
487	1743	6	8
487	1744	7	8
488	1803	2	8
488	1804	3	8
488	1805	4	8
488	1806	5	8
488	1807	6	8
488	1808	7	8
489	2379	2	8
489	2380	3	8
489	2381	4	8
489	2382	5	8
489	2383	6	8
489	2384	7	8
490	2443	2	8
490	2444	3	8
490	2445	4	8
490	2446	5	8
490	2447	6	8
490	2448	7	8
491	2507	2	8
491	2508	3	8
491	2509	4	8
491	2510	5	8
491	2511	6	8
491	2512	7	8
492	1867	2	8
492	1868	3	8
492	1869	4	8
492	1870	5	8
492	1871	6	8
492	1872	7	8
493	1931	2	8
493	1932	3	8
493	1933	4	8
493	1934	5	8
493	1935	6	8
493	1936	7	8
494	1995	2	8
494	1996	3	8
494	1997	4	8
494	1998	5	8
494	1999	6	8
494	2000	7	8
495	2059	2	8
495	2060	3	8
495	2061	4	8
495	2062	5	8
495	2063	6	8
495	2064	7	8
496	2123	2	8
496	2124	3	8
496	2125	4	8
496	2126	5	8
496	2127	6	8
496	2128	7	8
497	2187	2	8
497	2188	3	8
497	2189	4	8
497	2190	5	8
497	2191	6	8
497	2192	7	8
498	2251	2	8
498	2252	3	8
498	2253	4	8
498	2254	5	8
498	2255	6	8
498	2256	7	8
499	2315	2	8
499	2316	3	8
499	2317	4	8
499	2318	5	8
499	2319	6	8
499	2320	7	8
500	1771	2	8
500	1772	3	8
500	1773	4	8
500	1774	5	8
500	1775	6	8
500	1776	7	8
501	1835	2	8
501	1836	3	8
501	1837	4	8
501	1838	5	8
501	1839	6	8
501	1840	7	8
502	2411	2	8
502	2412	3	8
502	2413	4	8
502	2414	5	8
502	2415	6	8
502	2416	7	8
503	2475	2	8
503	2476	3	8
503	2477	4	8
503	2478	5	8
503	2479	6	8
503	2480	7	8
504	1899	2	8
504	1900	3	8
504	1901	4	8
504	1902	5	8
504	1903	6	8
504	1904	7	8
505	1963	2	8
505	1964	3	8
505	1965	4	8
505	1966	5	8
505	1967	6	8
505	1968	7	8
506	2027	2	8
506	2028	3	8
506	2029	4	8
506	2030	5	8
506	2031	6	8
506	2032	7	8
507	2091	2	8
507	2092	3	8
507	2093	4	8
507	2094	5	8
507	2095	6	8
507	2096	7	8
508	2155	2	8
508	2156	3	8
508	2157	4	8
508	2158	5	8
508	2159	6	8
508	2160	7	8
509	2219	2	8
509	2220	3	8
509	2221	4	8
509	2222	5	8
509	2223	6	8
509	2224	7	8
510	2283	2	8
510	2284	3	8
510	2285	4	8
510	2286	5	8
510	2287	6	8
510	2288	7	8
511	2347	2	8
511	2348	3	8
511	2349	4	8
511	2350	5	8
511	2351	6	8
511	2352	7	8
512	1779	2	8
512	1780	3	8
512	1781	4	8
512	1782	5	8
512	1783	6	8
512	1784	7	8
513	1843	2	8
513	1844	3	8
513	1845	4	8
513	1846	5	8
513	1847	6	8
513	1848	7	8
514	2419	2	8
514	2420	3	8
514	2421	4	8
514	2422	5	8
514	2423	6	8
514	2424	7	8
515	2483	2	8
515	2484	3	8
515	2485	4	8
515	2486	5	8
515	2487	6	8
515	2488	7	8
516	1907	2	8
516	1908	3	8
516	1909	4	8
516	1910	5	8
516	1911	6	8
516	1912	7	8
517	1971	2	8
517	1972	3	8
517	1973	4	8
517	1974	5	8
517	1975	6	8
517	1976	7	8
518	2035	2	8
518	2036	3	8
518	2037	4	8
518	2038	5	8
518	2039	6	8
518	2040	7	8
519	2099	2	8
519	2100	3	8
519	2101	4	8
519	2102	5	8
519	2103	6	8
519	2104	7	8
520	2163	2	8
520	2164	3	8
520	2165	4	8
520	2166	5	8
520	2167	6	8
520	2168	7	8
521	2227	2	8
521	2228	3	8
521	2229	4	8
521	2230	5	8
521	2231	6	8
521	2232	7	8
522	2291	2	8
522	2292	3	8
522	2293	4	8
522	2294	5	8
522	2295	6	8
522	2296	7	8
523	2355	2	8
523	2356	3	8
523	2357	4	8
523	2358	5	8
523	2359	6	8
523	2360	7	8
524	1763	2	8
524	1764	3	8
524	1765	4	8
524	1766	5	8
524	1767	6	8
524	1768	7	8
525	1827	2	8
525	1828	3	8
525	1829	4	8
525	1830	5	8
525	1831	6	8
525	1832	7	8
526	2403	2	8
526	2404	3	8
526	2405	4	8
526	2406	5	8
526	2407	6	8
526	2408	7	8
527	2467	2	8
527	2468	3	8
527	2469	4	8
527	2470	5	8
527	2471	6	8
527	2472	7	8
528	1891	2	8
528	1892	3	8
528	1893	4	8
528	1894	5	8
528	1895	6	8
528	1896	7	8
529	1955	2	8
529	1956	3	8
529	1957	4	8
529	1958	5	8
529	1959	6	8
529	1960	7	8
530	2019	2	8
530	2020	3	8
530	2021	4	8
530	2022	5	8
530	2023	6	8
530	2024	7	8
531	2083	2	8
531	2084	3	8
531	2085	4	8
531	2086	5	8
531	2087	6	8
531	2088	7	8
532	2147	2	8
532	2148	3	8
532	2149	4	8
532	2150	5	8
532	2151	6	8
532	2152	7	8
533	2211	2	8
533	2212	3	8
533	2213	4	8
533	2214	5	8
533	2215	6	8
533	2216	7	8
534	2275	2	8
534	2276	3	8
534	2277	4	8
534	2278	5	8
534	2279	6	8
534	2280	7	8
535	2339	2	8
535	2340	3	8
535	2341	4	8
535	2342	5	8
535	2343	6	8
535	2344	7	8
536	1787	2	8
536	1788	3	8
536	1789	4	8
536	1790	5	8
536	1791	6	8
536	1792	7	8
537	1851	2	8
537	1852	3	8
537	1853	4	8
537	1854	5	8
537	1855	6	8
537	1856	7	8
538	2427	2	8
538	2428	3	8
538	2429	4	8
538	2430	5	8
538	2431	6	8
538	2432	7	8
539	2491	2	8
539	2492	3	8
539	2493	4	8
539	2494	5	8
539	2495	6	8
539	2496	7	8
540	1915	2	8
540	1916	3	8
540	1917	4	8
540	1918	5	8
540	1919	6	8
540	1920	7	8
541	1979	2	8
541	1980	3	8
541	1981	4	8
541	1982	5	8
541	1983	6	8
541	1984	7	8
542	2043	2	8
542	2044	3	8
542	2045	4	8
542	2046	5	8
542	2047	6	8
542	2048	7	8
543	2107	2	8
543	2108	3	8
543	2109	4	8
543	2110	5	8
543	2111	6	8
543	2112	7	8
544	2171	2	8
544	2172	3	8
544	2173	4	8
544	2174	5	8
544	2175	6	8
544	2176	7	8
545	2235	2	8
545	2236	3	8
545	2237	4	8
545	2238	5	8
545	2239	6	8
545	2240	7	8
546	2299	2	8
546	2300	3	8
546	2301	4	8
546	2302	5	8
546	2303	6	8
546	2304	7	8
547	2363	2	8
547	2364	3	8
547	2365	4	8
547	2366	5	8
547	2367	6	8
547	2368	7	8
548	1755	2	8
548	1756	3	8
548	1757	4	8
548	1758	5	8
548	1759	6	8
548	1760	7	8
549	1819	2	8
549	1820	3	8
549	1821	4	8
549	1822	5	8
549	1823	6	8
549	1824	7	8
550	2395	2	8
550	2396	3	8
550	2397	4	8
550	2398	5	8
550	2399	6	8
550	2400	7	8
551	2459	2	8
551	2460	3	8
551	2461	4	8
551	2462	5	8
551	2463	6	8
551	2464	7	8
552	2523	2	8
552	2524	3	8
552	2525	4	8
552	2526	5	8
552	2527	6	8
552	2528	7	8
553	1883	2	8
553	1884	3	8
553	1885	4	8
553	1886	5	8
553	1887	6	8
553	1888	7	8
554	1947	2	8
554	1948	3	8
554	1949	4	8
554	1950	5	8
554	1951	6	8
554	1952	7	8
555	2011	2	8
555	2012	3	8
555	2013	4	8
555	2014	5	8
555	2015	6	8
555	2016	7	8
556	2075	2	8
556	2076	3	8
556	2077	4	8
556	2078	5	8
556	2079	6	8
556	2080	7	8
557	2139	2	8
557	2140	3	8
557	2141	4	8
557	2142	5	8
557	2143	6	8
557	2144	7	8
558	2203	2	8
558	2204	3	8
558	2205	4	8
558	2206	5	8
558	2207	6	8
558	2208	7	8
559	2267	2	8
559	2268	3	8
559	2269	4	8
559	2270	5	8
559	2271	6	8
559	2272	7	8
560	2331	2	8
560	2332	3	8
560	2333	4	8
560	2334	5	8
560	2335	6	8
560	2336	7	8
561	1731	2	8
561	1732	3	8
561	1733	4	8
561	1734	5	8
561	1735	6	8
561	1736	7	8
562	1795	2	8
562	1796	3	8
562	1797	4	8
562	1798	5	8
562	1799	6	8
562	1800	7	8
563	2371	2	8
563	2372	3	8
563	2373	4	8
563	2374	5	8
563	2375	6	8
563	2376	7	8
564	2435	2	8
564	2436	3	8
564	2437	4	8
564	2438	5	8
564	2439	6	8
564	2440	7	8
565	2499	2	8
565	2500	3	8
565	2501	4	8
565	2502	5	8
565	2503	6	8
565	2504	7	8
566	1859	2	8
566	1860	3	8
566	1861	4	8
566	1862	5	8
566	1863	6	8
566	1864	7	8
567	1923	2	8
567	1924	3	8
567	1925	4	8
567	1926	5	8
567	1927	6	8
567	1928	7	8
568	1987	2	8
568	1988	3	8
568	1989	4	8
568	1990	5	8
568	1991	6	8
568	1992	7	8
569	2051	2	8
569	2052	3	8
569	2053	4	8
569	2054	5	8
569	2055	6	8
569	2056	7	8
570	2115	2	8
570	2116	3	8
570	2117	4	8
570	2118	5	8
570	2119	6	8
570	2120	7	8
571	2179	2	8
571	2180	3	8
571	2181	4	8
571	2182	5	8
571	2183	6	8
571	2184	7	8
572	2243	2	8
572	2244	3	8
572	2245	4	8
572	2246	5	8
572	2247	6	8
572	2248	7	8
573	2307	2	8
573	2308	3	8
573	2309	4	8
573	2310	5	8
573	2311	6	8
573	2312	7	8
574	1747	2	8
574	1748	3	8
574	1749	4	8
574	1750	5	8
574	1751	6	8
574	1752	7	8
575	1811	2	8
575	1812	3	8
575	1813	4	8
575	1814	5	8
575	1815	6	8
575	1816	7	8
576	2387	2	8
576	2388	3	8
576	2389	4	8
576	2390	5	8
576	2391	6	8
576	2392	7	8
577	2451	2	8
577	2452	3	8
577	2453	4	8
577	2454	5	8
577	2455	6	8
577	2456	7	8
578	2515	2	8
578	2516	3	8
578	2517	4	8
578	2518	5	8
578	2519	6	8
578	2520	7	8
579	1875	2	8
579	1876	3	8
579	1877	4	8
579	1878	5	8
579	1879	6	8
579	1880	7	8
580	1939	2	8
580	1940	3	8
580	1941	4	8
580	1942	5	8
580	1943	6	8
580	1944	7	8
581	2003	2	8
581	2004	3	8
581	2005	4	8
581	2006	5	8
581	2007	6	8
581	2008	7	8
582	2067	2	8
582	2068	3	8
582	2069	4	8
582	2070	5	8
582	2071	6	8
582	2072	7	8
583	2131	2	8
583	2132	3	8
583	2133	4	8
583	2134	5	8
583	2135	6	8
583	2136	7	8
584	2195	2	8
584	2196	3	8
584	2197	4	8
584	2198	5	8
584	2199	6	8
584	2200	7	8
585	2259	2	8
585	2260	3	8
585	2261	4	8
585	2262	5	8
585	2263	6	8
585	2264	7	8
586	2323	2	8
586	2324	3	8
586	2325	4	8
586	2326	5	8
586	2327	6	8
586	2328	7	8
587	1739	2	8
587	1740	3	8
587	1741	4	8
587	1742	5	8
587	1743	6	8
587	1744	7	8
588	1803	2	8
588	1804	3	8
588	1805	4	8
588	1806	5	8
588	1807	6	8
588	1808	7	8
589	2379	2	8
589	2380	3	8
589	2381	4	8
589	2382	5	8
589	2383	6	8
589	2384	7	8
590	2443	2	8
590	2444	3	8
590	2445	4	8
590	2446	5	8
590	2447	6	8
590	2448	7	8
591	2507	2	8
591	2508	3	8
591	2509	4	8
591	2510	5	8
591	2511	6	8
591	2512	7	8
592	1867	2	8
592	1868	3	8
592	1869	4	8
592	1870	5	8
592	1871	6	8
592	1872	7	8
593	1931	2	8
593	1932	3	8
593	1933	4	8
593	1934	5	8
593	1935	6	8
593	1936	7	8
594	1995	2	8
594	1996	3	8
594	1997	4	8
594	1998	5	8
594	1999	6	8
594	2000	7	8
595	2059	2	8
595	2060	3	8
595	2061	4	8
595	2062	5	8
595	2063	6	8
595	2064	7	8
596	2123	2	8
596	2124	3	8
596	2125	4	8
596	2126	5	8
596	2127	6	8
596	2128	7	8
597	2187	2	8
597	2188	3	8
597	2189	4	8
597	2190	5	8
597	2191	6	8
597	2192	7	8
598	2251	2	8
598	2252	3	8
598	2253	4	8
598	2254	5	8
598	2255	6	8
598	2256	7	8
599	2315	2	8
599	2316	3	8
599	2317	4	8
599	2318	5	8
599	2319	6	8
599	2320	7	8
600	1771	2	8
600	1772	3	8
600	1773	4	8
600	1774	5	8
600	1775	6	8
600	1776	7	8
601	1835	2	8
601	1836	3	8
601	1837	4	8
601	1838	5	8
601	1839	6	8
601	1840	7	8
602	2411	2	8
602	2412	3	8
602	2413	4	8
602	2414	5	8
602	2415	6	8
602	2416	7	8
603	2475	2	8
603	2476	3	8
603	2477	4	8
603	2478	5	8
603	2479	6	8
603	2480	7	8
604	1899	2	8
604	1900	3	8
604	1901	4	8
604	1902	5	8
604	1903	6	8
604	1904	7	8
605	1963	2	8
605	1964	3	8
605	1965	4	8
605	1966	5	8
605	1967	6	8
605	1968	7	8
606	2027	2	8
606	2028	3	8
606	2029	4	8
606	2030	5	8
606	2031	6	8
606	2032	7	8
607	2091	2	8
607	2092	3	8
607	2093	4	8
607	2094	5	8
607	2095	6	8
607	2096	7	8
608	2155	2	8
608	2156	3	8
608	2157	4	8
608	2158	5	8
608	2159	6	8
608	2160	7	8
609	2219	2	8
609	2220	3	8
609	2221	4	8
609	2222	5	8
609	2223	6	8
609	2224	7	8
610	2283	2	8
610	2284	3	8
610	2285	4	8
610	2286	5	8
610	2287	6	8
610	2288	7	8
611	2347	2	8
611	2348	3	8
611	2349	4	8
611	2350	5	8
611	2351	6	8
611	2352	7	8
612	1779	2	8
612	1780	3	8
612	1781	4	8
612	1782	5	8
612	1783	6	8
612	1784	7	8
613	1843	2	8
613	1844	3	8
613	1845	4	8
613	1846	5	8
613	1847	6	8
613	1848	7	8
614	2419	2	8
614	2420	3	8
614	2421	4	8
614	2422	5	8
614	2423	6	8
614	2424	7	8
615	2483	2	8
615	2484	3	8
615	2485	4	8
615	2486	5	8
615	2487	6	8
615	2488	7	8
616	1907	2	8
616	1908	3	8
616	1909	4	8
616	1910	5	8
616	1911	6	8
616	1912	7	8
617	1971	2	8
617	1972	3	8
617	1973	4	8
617	1974	5	8
617	1975	6	8
617	1976	7	8
618	2035	2	8
618	2036	3	8
618	2037	4	8
618	2038	5	8
618	2039	6	8
618	2040	7	8
619	2099	2	8
619	2100	3	8
619	2101	4	8
619	2102	5	8
619	2103	6	8
619	2104	7	8
620	2163	2	8
620	2164	3	8
620	2165	4	8
620	2166	5	8
620	2167	6	8
620	2168	7	8
621	2227	2	8
621	2228	3	8
621	2229	4	8
621	2230	5	8
621	2231	6	8
621	2232	7	8
622	2291	2	8
622	2292	3	8
622	2293	4	8
622	2294	5	8
622	2295	6	8
622	2296	7	8
623	2355	2	8
623	2356	3	8
623	2357	4	8
623	2358	5	8
623	2359	6	8
623	2360	7	8
624	1763	2	8
624	1764	3	8
624	1765	4	8
624	1766	5	8
624	1767	6	8
624	1768	7	8
625	1827	2	8
625	1828	3	8
625	1829	4	8
625	1830	5	8
625	1831	6	8
625	1832	7	8
626	2403	2	8
626	2404	3	8
626	2405	4	8
626	2406	5	8
626	2407	6	8
626	2408	7	8
627	2467	2	8
627	2468	3	8
627	2469	4	8
627	2470	5	8
627	2471	6	8
627	2472	7	8
628	1891	2	8
628	1892	3	8
628	1893	4	8
628	1894	5	8
628	1895	6	8
628	1896	7	8
629	1955	2	8
629	1956	3	8
629	1957	4	8
629	1958	5	8
629	1959	6	8
629	1960	7	8
630	2019	2	8
630	2020	3	8
630	2021	4	8
630	2022	5	8
630	2023	6	8
630	2024	7	8
631	2083	2	8
631	2084	3	8
631	2085	4	8
631	2086	5	8
631	2087	6	8
631	2088	7	8
632	2147	2	8
632	2148	3	8
632	2149	4	8
632	2150	5	8
632	2151	6	8
632	2152	7	8
633	2211	2	8
633	2212	3	8
633	2213	4	8
633	2214	5	8
633	2215	6	8
633	2216	7	8
634	2275	2	8
634	2276	3	8
634	2277	4	8
634	2278	5	8
634	2279	6	8
634	2280	7	8
635	2339	2	8
635	2340	3	8
635	2341	4	8
635	2342	5	8
635	2343	6	8
635	2344	7	8
636	1787	2	8
636	1788	3	8
636	1789	4	8
636	1790	5	8
636	1791	6	8
636	1792	7	8
637	1851	2	8
637	1852	3	8
637	1853	4	8
637	1854	5	8
637	1855	6	8
637	1856	7	8
638	2427	2	8
638	2428	3	8
638	2429	4	8
638	2430	5	8
638	2431	6	8
638	2432	7	8
639	2491	2	8
639	2492	3	8
639	2493	4	8
639	2494	5	8
639	2495	6	8
639	2496	7	8
640	1915	2	8
640	1916	3	8
640	1917	4	8
640	1918	5	8
640	1919	6	8
640	1920	7	8
641	1979	2	8
641	1980	3	8
641	1981	4	8
641	1982	5	8
641	1983	6	8
641	1984	7	8
642	2043	2	8
642	2044	3	8
642	2045	4	8
642	2046	5	8
642	2047	6	8
642	2048	7	8
643	2107	2	8
643	2108	3	8
643	2109	4	8
643	2110	5	8
643	2111	6	8
643	2112	7	8
644	2171	2	8
644	2172	3	8
644	2173	4	8
644	2174	5	8
644	2175	6	8
644	2176	7	8
645	2235	2	8
645	2236	3	8
645	2237	4	8
645	2238	5	8
645	2239	6	8
645	2240	7	8
646	2299	2	8
646	2300	3	8
646	2301	4	8
646	2302	5	8
646	2303	6	8
646	2304	7	8
647	2363	2	8
647	2364	3	8
647	2365	4	8
647	2366	5	8
647	2367	6	8
647	2368	7	8
648	1755	2	8
648	1756	3	8
648	1757	4	8
648	1758	5	8
648	1759	6	8
648	1760	7	8
649	1819	2	8
649	1820	3	8
649	1821	4	8
649	1822	5	8
649	1823	6	8
649	1824	7	8
650	2395	2	8
650	2396	3	8
650	2397	4	8
650	2398	5	8
650	2399	6	8
650	2400	7	8
651	2459	2	8
651	2460	3	8
651	2461	4	8
651	2462	5	8
651	2463	6	8
651	2464	7	8
652	2523	2	8
652	2524	3	8
652	2525	4	8
652	2526	5	8
652	2527	6	8
652	2528	7	8
653	1883	2	8
653	1884	3	8
653	1885	4	8
653	1886	5	8
653	1887	6	8
653	1888	7	8
654	1947	2	8
654	1948	3	8
654	1949	4	8
654	1950	5	8
654	1951	6	8
654	1952	7	8
655	2011	2	8
655	2012	3	8
655	2013	4	8
655	2014	5	8
655	2015	6	8
655	2016	7	8
656	2075	2	8
656	2076	3	8
656	2077	4	8
656	2078	5	8
656	2079	6	8
656	2080	7	8
657	2139	2	8
657	2140	3	8
657	2141	4	8
657	2142	5	8
657	2143	6	8
657	2144	7	8
658	2203	2	8
658	2204	3	8
658	2205	4	8
658	2206	5	8
658	2207	6	8
658	2208	7	8
659	2267	2	8
659	2268	3	8
659	2269	4	8
659	2270	5	8
659	2271	6	8
659	2272	7	8
660	2331	2	8
660	2332	3	8
660	2333	4	8
660	2334	5	8
660	2335	6	8
660	2336	7	8
661	1731	2	8
661	1732	3	8
661	1733	4	8
661	1734	5	8
661	1735	6	8
661	1736	7	8
662	1795	2	8
662	1796	3	8
662	1797	4	8
662	1798	5	8
662	1799	6	8
662	1800	7	8
663	2371	2	8
663	2372	3	8
663	2373	4	8
663	2374	5	8
663	2375	6	8
663	2376	7	8
664	2435	2	8
664	2436	3	8
664	2437	4	8
664	2438	5	8
664	2439	6	8
664	2440	7	8
665	2499	2	8
665	2500	3	8
665	2501	4	8
665	2502	5	8
665	2503	6	8
665	2504	7	8
666	1859	2	8
666	1860	3	8
666	1861	4	8
666	1862	5	8
666	1863	6	8
666	1864	7	8
667	1923	2	8
667	1924	3	8
667	1925	4	8
667	1926	5	8
667	1927	6	8
667	1928	7	8
668	1987	2	8
668	1988	3	8
668	1989	4	8
668	1990	5	8
668	1991	6	8
668	1992	7	8
669	2051	2	8
669	2052	3	8
669	2053	4	8
669	2054	5	8
669	2055	6	8
669	2056	7	8
670	2115	2	8
670	2116	3	8
670	2117	4	8
670	2118	5	8
670	2119	6	8
670	2120	7	8
671	2179	2	8
671	2180	3	8
671	2181	4	8
671	2182	5	8
671	2183	6	8
671	2184	7	8
672	2243	2	8
672	2244	3	8
672	2245	4	8
672	2246	5	8
672	2247	6	8
672	2248	7	8
673	2307	2	8
673	2308	3	8
673	2309	4	8
673	2310	5	8
673	2311	6	8
673	2312	7	8
674	1747	2	8
674	1748	3	8
674	1749	4	8
674	1750	5	8
674	1751	6	8
674	1752	7	8
675	1811	2	8
675	1812	3	8
675	1813	4	8
675	1814	5	8
675	1815	6	8
675	1816	7	8
676	2387	2	8
676	2388	3	8
676	2389	4	8
676	2390	5	8
676	2391	6	8
676	2392	7	8
677	2451	2	8
677	2452	3	8
677	2453	4	8
677	2454	5	8
677	2455	6	8
677	2456	7	8
678	2515	2	8
678	2516	3	8
678	2517	4	8
678	2518	5	8
678	2519	6	8
678	2520	7	8
679	1875	2	8
679	1876	3	8
679	1877	4	8
679	1878	5	8
679	1879	6	8
679	1880	7	8
680	1939	2	8
680	1940	3	8
680	1941	4	8
680	1942	5	8
680	1943	6	8
680	1944	7	8
681	2003	2	8
681	2004	3	8
681	2005	4	8
681	2006	5	8
681	2007	6	8
681	2008	7	8
682	2067	2	8
682	2068	3	8
682	2069	4	8
682	2070	5	8
682	2071	6	8
682	2072	7	8
683	2131	2	8
683	2132	3	8
683	2133	4	8
683	2134	5	8
683	2135	6	8
683	2136	7	8
684	2195	2	8
684	2196	3	8
684	2197	4	8
684	2198	5	8
684	2199	6	8
684	2200	7	8
685	2259	2	8
685	2260	3	8
685	2261	4	8
685	2262	5	8
685	2263	6	8
685	2264	7	8
686	2323	2	8
686	2324	3	8
686	2325	4	8
686	2326	5	8
686	2327	6	8
686	2328	7	8
687	1739	2	8
687	1740	3	8
687	1741	4	8
687	1742	5	8
687	1743	6	8
687	1744	7	8
688	1803	2	8
688	1804	3	8
688	1805	4	8
688	1806	5	8
688	1807	6	8
688	1808	7	8
689	2379	2	8
689	2380	3	8
689	2381	4	8
689	2382	5	8
689	2383	6	8
689	2384	7	8
690	2443	2	8
690	2444	3	8
690	2445	4	8
690	2446	5	8
690	2447	6	8
690	2448	7	8
691	2507	2	8
691	2508	3	8
691	2509	4	8
691	2510	5	8
691	2511	6	8
691	2512	7	8
692	1867	2	8
692	1868	3	8
692	1869	4	8
692	1870	5	8
692	1871	6	8
692	1872	7	8
693	1931	2	8
693	1932	3	8
693	1933	4	8
693	1934	5	8
693	1935	6	8
693	1936	7	8
694	1995	2	8
694	1996	3	8
694	1997	4	8
694	1998	5	8
694	1999	6	8
694	2000	7	8
695	2059	2	8
695	2060	3	8
695	2061	4	8
695	2062	5	8
695	2063	6	8
695	2064	7	8
696	2123	2	8
696	2124	3	8
696	2125	4	8
696	2126	5	8
696	2127	6	8
696	2128	7	8
697	2187	2	8
697	2188	3	8
697	2189	4	8
697	2190	5	8
697	2191	6	8
697	2192	7	8
698	2251	2	8
698	2252	3	8
698	2253	4	8
698	2254	5	8
698	2255	6	8
698	2256	7	8
699	2315	2	8
699	2316	3	8
699	2317	4	8
699	2318	5	8
699	2319	6	8
699	2320	7	8
700	1771	2	8
700	1772	3	8
700	1773	4	8
700	1774	5	8
700	1775	6	8
700	1776	7	8
701	1835	2	8
701	1836	3	8
701	1837	4	8
701	1838	5	8
701	1839	6	8
701	1840	7	8
702	2411	2	8
702	2412	3	8
702	2413	4	8
702	2414	5	8
702	2415	6	8
702	2416	7	8
703	2475	2	8
703	2476	3	8
703	2477	4	8
703	2478	5	8
703	2479	6	8
703	2480	7	8
704	1899	2	8
704	1900	3	8
704	1901	4	8
704	1902	5	8
704	1903	6	8
704	1904	7	8
705	1963	2	8
705	1964	3	8
705	1965	4	8
705	1966	5	8
705	1967	6	8
705	1968	7	8
706	2027	2	8
706	2028	3	8
706	2029	4	8
706	2030	5	8
706	2031	6	8
706	2032	7	8
707	2091	2	8
707	2092	3	8
707	2093	4	8
707	2094	5	8
707	2095	6	8
707	2096	7	8
708	2155	2	8
708	2156	3	8
708	2157	4	8
708	2158	5	8
708	2159	6	8
708	2160	7	8
709	2219	2	8
709	2220	3	8
709	2221	4	8
709	2222	5	8
709	2223	6	8
709	2224	7	8
710	2283	2	8
710	2284	3	8
710	2285	4	8
710	2286	5	8
710	2287	6	8
710	2288	7	8
711	2347	2	8
711	2348	3	8
711	2349	4	8
711	2350	5	8
711	2351	6	8
711	2352	7	8
712	1779	2	8
712	1780	3	8
712	1781	4	8
712	1782	5	8
712	1783	6	8
712	1784	7	8
713	1843	2	8
713	1844	3	8
713	1845	4	8
713	1846	5	8
713	1847	6	8
713	1848	7	8
714	2419	2	8
714	2420	3	8
714	2421	4	8
714	2422	5	8
714	2423	6	8
714	2424	7	8
715	2483	2	8
715	2484	3	8
715	2485	4	8
715	2486	5	8
715	2487	6	8
715	2488	7	8
716	1907	2	8
716	1908	3	8
716	1909	4	8
716	1910	5	8
716	1911	6	8
716	1912	7	8
717	1971	2	8
717	1972	3	8
717	1973	4	8
717	1974	5	8
717	1975	6	8
717	1976	7	8
718	2035	2	8
718	2036	3	8
718	2037	4	8
718	2038	5	8
718	2039	6	8
718	2040	7	8
719	2099	2	8
719	2100	3	8
719	2101	4	8
719	2102	5	8
719	2103	6	8
719	2104	7	8
720	2163	2	8
720	2164	3	8
720	2165	4	8
720	2166	5	8
720	2167	6	8
720	2168	7	8
721	2227	2	8
721	2228	3	8
721	2229	4	8
721	2230	5	8
721	2231	6	8
721	2232	7	8
722	2291	2	8
722	2292	3	8
722	2293	4	8
722	2294	5	8
722	2295	6	8
722	2296	7	8
723	2355	2	8
723	2356	3	8
723	2357	4	8
723	2358	5	8
723	2359	6	8
723	2360	7	8
724	1763	2	8
724	1764	3	8
724	1765	4	8
724	1766	5	8
724	1767	6	8
724	1768	7	8
725	1827	2	8
725	1828	3	8
725	1829	4	8
725	1830	5	8
725	1831	6	8
725	1832	7	8
726	2403	2	8
726	2404	3	8
726	2405	4	8
726	2406	5	8
726	2407	6	8
726	2408	7	8
727	2467	2	8
727	2468	3	8
727	2469	4	8
727	2470	5	8
727	2471	6	8
727	2472	7	8
728	1891	2	8
728	1892	3	8
728	1893	4	8
728	1894	5	8
728	1895	6	8
728	1896	7	8
729	1955	2	8
729	1956	3	8
729	1957	4	8
729	1958	5	8
729	1959	6	8
729	1960	7	8
730	2019	2	8
730	2020	3	8
730	2021	4	8
730	2022	5	8
730	2023	6	8
730	2024	7	8
731	2083	2	8
731	2084	3	8
731	2085	4	8
731	2086	5	8
731	2087	6	8
731	2088	7	8
732	2147	2	8
732	2148	3	8
732	2149	4	8
732	2150	5	8
732	2151	6	8
732	2152	7	8
733	2211	2	8
733	2212	3	8
733	2213	4	8
733	2214	5	8
733	2215	6	8
733	2216	7	8
734	2275	2	8
734	2276	3	8
734	2277	4	8
734	2278	5	8
734	2279	6	8
734	2280	7	8
735	2339	2	8
735	2340	3	8
735	2341	4	8
735	2342	5	8
735	2343	6	8
735	2344	7	8
736	1787	2	8
736	1788	3	8
736	1789	4	8
736	1790	5	8
736	1791	6	8
736	1792	7	8
737	1851	2	8
737	1852	3	8
737	1853	4	8
737	1854	5	8
737	1855	6	8
737	1856	7	8
738	2427	2	8
738	2428	3	8
738	2429	4	8
738	2430	5	8
738	2431	6	8
738	2432	7	8
739	2491	2	8
739	2492	3	8
739	2493	4	8
739	2494	5	8
739	2495	6	8
739	2496	7	8
740	1915	2	8
740	1916	3	8
740	1917	4	8
740	1918	5	8
740	1919	6	8
740	1920	7	8
741	1979	2	8
741	1980	3	8
741	1981	4	8
741	1982	5	8
741	1983	6	8
741	1984	7	8
742	2043	2	8
742	2044	3	8
742	2045	4	8
742	2046	5	8
742	2047	6	8
742	2048	7	8
743	2107	2	8
743	2108	3	8
743	2109	4	8
743	2110	5	8
743	2111	6	8
743	2112	7	8
744	2171	2	8
744	2172	3	8
744	2173	4	8
744	2174	5	8
744	2175	6	8
744	2176	7	8
745	2235	2	8
745	2236	3	8
745	2237	4	8
745	2238	5	8
745	2239	6	8
745	2240	7	8
746	2299	2	8
746	2300	3	8
746	2301	4	8
746	2302	5	8
746	2303	6	8
746	2304	7	8
747	2363	2	8
747	2364	3	8
747	2365	4	8
747	2366	5	8
747	2367	6	8
747	2368	7	8
748	1755	2	8
748	1756	3	8
748	1757	4	8
748	1758	5	8
748	1759	6	8
748	1760	7	8
749	1819	2	8
749	1820	3	8
749	1821	4	8
749	1822	5	8
749	1823	6	8
749	1824	7	8
750	2395	2	8
750	2396	3	8
750	2397	4	8
750	2398	5	8
750	2399	6	8
750	2400	7	8
751	2459	2	8
751	2460	3	8
751	2461	4	8
751	2462	5	8
751	2463	6	8
751	2464	7	8
752	2523	2	8
752	2524	3	8
752	2525	4	8
752	2526	5	8
752	2527	6	8
752	2528	7	8
753	1883	2	8
753	1884	3	8
753	1885	4	8
753	1886	5	8
753	1887	6	8
753	1888	7	8
754	1947	2	8
754	1948	3	8
754	1949	4	8
754	1950	5	8
754	1951	6	8
754	1952	7	8
755	2011	2	8
755	2012	3	8
755	2013	4	8
755	2014	5	8
755	2015	6	8
755	2016	7	8
756	2075	2	8
756	2076	3	8
756	2077	4	8
756	2078	5	8
756	2079	6	8
756	2080	7	8
757	2139	2	8
757	2140	3	8
757	2141	4	8
757	2142	5	8
757	2143	6	8
757	2144	7	8
758	2203	2	8
758	2204	3	8
758	2205	4	8
758	2206	5	8
758	2207	6	8
758	2208	7	8
759	2267	2	8
759	2268	3	8
759	2269	4	8
759	2270	5	8
759	2271	6	8
759	2272	7	8
760	2331	2	8
760	2332	3	8
760	2333	4	8
760	2334	5	8
760	2335	6	8
760	2336	7	8
761	1731	2	8
761	1732	3	8
761	1733	4	8
761	1734	5	8
761	1735	6	8
761	1736	7	8
762	1795	2	8
762	1796	3	8
762	1797	4	8
762	1798	5	8
762	1799	6	8
762	1800	7	8
763	2371	2	8
763	2372	3	8
763	2373	4	8
763	2374	5	8
763	2375	6	8
763	2376	7	8
764	2435	2	8
764	2436	3	8
764	2437	4	8
764	2438	5	8
764	2439	6	8
764	2440	7	8
765	2499	2	8
765	2500	3	8
765	2501	4	8
765	2502	5	8
765	2503	6	8
765	2504	7	8
766	1859	2	8
766	1860	3	8
766	1861	4	8
766	1862	5	8
766	1863	6	8
766	1864	7	8
767	1923	2	8
767	1924	3	8
767	1925	4	8
767	1926	5	8
767	1927	6	8
767	1928	7	8
768	1987	2	8
768	1988	3	8
768	1989	4	8
768	1990	5	8
768	1991	6	8
768	1992	7	8
769	2051	2	8
769	2052	3	8
769	2053	4	8
769	2054	5	8
769	2055	6	8
769	2056	7	8
770	2115	2	8
770	2116	3	8
770	2117	4	8
770	2118	5	8
770	2119	6	8
770	2120	7	8
771	2179	2	8
771	2180	3	8
771	2181	4	8
771	2182	5	8
771	2183	6	8
771	2184	7	8
772	2243	2	8
772	2244	3	8
772	2245	4	8
772	2246	5	8
772	2247	6	8
772	2248	7	8
773	2307	2	8
773	2308	3	8
773	2309	4	8
773	2310	5	8
773	2311	6	8
773	2312	7	8
774	1747	2	8
774	1748	3	8
774	1749	4	8
774	1750	5	8
774	1751	6	8
774	1752	7	8
775	1811	2	8
775	1812	3	8
775	1813	4	8
775	1814	5	8
775	1815	6	8
775	1816	7	8
776	2387	2	8
776	2388	3	8
776	2389	4	8
776	2390	5	8
776	2391	6	8
776	2392	7	8
777	2451	2	8
777	2452	3	8
777	2453	4	8
777	2454	5	8
777	2455	6	8
777	2456	7	8
778	2515	2	8
778	2516	3	8
778	2517	4	8
778	2518	5	8
778	2519	6	8
778	2520	7	8
779	1875	2	8
779	1876	3	8
779	1877	4	8
779	1878	5	8
779	1879	6	8
779	1880	7	8
780	1939	2	8
780	1940	3	8
780	1941	4	8
780	1942	5	8
780	1943	6	8
780	1944	7	8
781	2003	2	8
781	2004	3	8
781	2005	4	8
781	2006	5	8
781	2007	6	8
781	2008	7	8
782	2067	2	8
782	2068	3	8
782	2069	4	8
782	2070	5	8
782	2071	6	8
782	2072	7	8
783	2131	2	8
783	2132	3	8
783	2133	4	8
783	2134	5	8
783	2135	6	8
783	2136	7	8
784	2195	2	8
784	2196	3	8
784	2197	4	8
784	2198	5	8
784	2199	6	8
784	2200	7	8
785	2259	2	8
785	2260	3	8
785	2261	4	8
785	2262	5	8
785	2263	6	8
785	2264	7	8
786	2323	2	8
786	2324	3	8
786	2325	4	8
786	2326	5	8
786	2327	6	8
786	2328	7	8
787	1739	2	8
787	1740	3	8
787	1741	4	8
787	1742	5	8
787	1743	6	8
787	1744	7	8
788	1803	2	8
788	1804	3	8
788	1805	4	8
788	1806	5	8
788	1807	6	8
788	1808	7	8
789	2379	2	8
789	2380	3	8
789	2381	4	8
789	2382	5	8
789	2383	6	8
789	2384	7	8
790	2443	2	8
790	2444	3	8
790	2445	4	8
790	2446	5	8
790	2447	6	8
790	2448	7	8
791	2507	2	8
791	2508	3	8
791	2509	4	8
791	2510	5	8
791	2511	6	8
791	2512	7	8
792	1867	2	8
792	1868	3	8
792	1869	4	8
792	1870	5	8
792	1871	6	8
792	1872	7	8
793	1931	2	8
793	1932	3	8
793	1933	4	8
793	1934	5	8
793	1935	6	8
793	1936	7	8
794	1995	2	8
794	1996	3	8
794	1997	4	8
794	1998	5	8
794	1999	6	8
794	2000	7	8
795	2059	2	8
795	2060	3	8
795	2061	4	8
795	2062	5	8
795	2063	6	8
795	2064	7	8
796	2123	2	8
796	2124	3	8
796	2125	4	8
796	2126	5	8
796	2127	6	8
796	2128	7	8
797	2187	2	8
797	2188	3	8
797	2189	4	8
797	2190	5	8
797	2191	6	8
797	2192	7	8
798	2251	2	8
798	2252	3	8
798	2253	4	8
798	2254	5	8
798	2255	6	8
798	2256	7	8
799	2315	2	8
799	2316	3	8
799	2317	4	8
799	2318	5	8
799	2319	6	8
799	2320	7	8
800	1771	2	8
800	1772	3	8
800	1773	4	8
800	1774	5	8
800	1775	6	8
800	1776	7	8
801	1835	2	8
801	1836	3	8
801	1837	4	8
801	1838	5	8
801	1839	6	8
801	1840	7	8
802	2411	2	8
802	2412	3	8
802	2413	4	8
802	2414	5	8
802	2415	6	8
802	2416	7	8
803	2475	2	8
803	2476	3	8
803	2477	4	8
803	2478	5	8
803	2479	6	8
803	2480	7	8
804	1899	2	8
804	1900	3	8
804	1901	4	8
804	1902	5	8
804	1903	6	8
804	1904	7	8
805	1963	2	8
805	1964	3	8
805	1965	4	8
805	1966	5	8
805	1967	6	8
805	1968	7	8
806	2027	2	8
806	2028	3	8
806	2029	4	8
806	2030	5	8
806	2031	6	8
806	2032	7	8
807	2091	2	8
807	2092	3	8
807	2093	4	8
807	2094	5	8
807	2095	6	8
807	2096	7	8
808	2155	2	8
808	2156	3	8
808	2157	4	8
808	2158	5	8
808	2159	6	8
808	2160	7	8
809	2219	2	8
809	2220	3	8
809	2221	4	8
809	2222	5	8
809	2223	6	8
809	2224	7	8
810	2283	2	8
810	2284	3	8
810	2285	4	8
810	2286	5	8
810	2287	6	8
810	2288	7	8
811	2347	2	8
811	2348	3	8
811	2349	4	8
811	2350	5	8
811	2351	6	8
811	2352	7	8
812	1779	2	8
812	1780	3	8
812	1781	4	8
812	1782	5	8
812	1783	6	8
812	1784	7	8
813	1843	2	8
813	1844	3	8
813	1845	4	8
813	1846	5	8
813	1847	6	8
813	1848	7	8
814	2419	2	8
814	2420	3	8
814	2421	4	8
814	2422	5	8
814	2423	6	8
814	2424	7	8
815	2483	2	8
815	2484	3	8
815	2485	4	8
815	2486	5	8
815	2487	6	8
815	2488	7	8
816	1907	2	8
816	1908	3	8
816	1909	4	8
816	1910	5	8
816	1911	6	8
816	1912	7	8
817	1971	2	8
817	1972	3	8
817	1973	4	8
817	1974	5	8
817	1975	6	8
817	1976	7	8
818	2035	2	8
818	2036	3	8
818	2037	4	8
818	2038	5	8
818	2039	6	8
818	2040	7	8
819	2099	2	8
819	2100	3	8
819	2101	4	8
819	2102	5	8
819	2103	6	8
819	2104	7	8
820	2163	2	8
820	2164	3	8
820	2165	4	8
820	2166	5	8
820	2167	6	8
820	2168	7	8
821	2227	2	8
821	2228	3	8
821	2229	4	8
821	2230	5	8
821	2231	6	8
821	2232	7	8
822	2291	2	8
822	2292	3	8
822	2293	4	8
822	2294	5	8
822	2295	6	8
822	2296	7	8
823	2355	2	8
823	2356	3	8
823	2357	4	8
823	2358	5	8
823	2359	6	8
823	2360	7	8
824	1763	2	8
824	1764	3	8
824	1765	4	8
824	1766	5	8
824	1767	6	8
824	1768	7	8
825	1827	2	8
825	1828	3	8
825	1829	4	8
825	1830	5	8
825	1831	6	8
825	1832	7	8
826	2403	2	8
826	2404	3	8
826	2405	4	8
826	2406	5	8
826	2407	6	8
826	2408	7	8
827	2467	2	8
827	2468	3	8
827	2469	4	8
827	2470	5	8
827	2471	6	8
827	2472	7	8
828	1891	2	8
828	1892	3	8
828	1893	4	8
828	1894	5	8
828	1895	6	8
828	1896	7	8
829	1955	2	8
829	1956	3	8
829	1957	4	8
829	1958	5	8
829	1959	6	8
829	1960	7	8
830	2019	2	8
830	2020	3	8
830	2021	4	8
830	2022	5	8
830	2023	6	8
830	2024	7	8
831	2083	2	8
831	2084	3	8
831	2085	4	8
831	2086	5	8
831	2087	6	8
831	2088	7	8
832	2147	2	8
832	2148	3	8
832	2149	4	8
832	2150	5	8
832	2151	6	8
832	2152	7	8
833	2211	2	8
833	2212	3	8
833	2213	4	8
833	2214	5	8
833	2215	6	8
833	2216	7	8
834	2275	2	8
834	2276	3	8
834	2277	4	8
834	2278	5	8
834	2279	6	8
834	2280	7	8
835	2339	2	8
835	2340	3	8
835	2341	4	8
835	2342	5	8
835	2343	6	8
835	2344	7	8
836	1787	2	8
836	1788	3	8
836	1789	4	8
836	1790	5	8
836	1791	6	8
836	1792	7	8
837	1851	2	8
837	1852	3	8
837	1853	4	8
837	1854	5	8
837	1855	6	8
837	1856	7	8
838	2427	2	8
838	2428	3	8
838	2429	4	8
838	2430	5	8
838	2431	6	8
838	2432	7	8
839	2491	2	8
839	2492	3	8
839	2493	4	8
839	2494	5	8
839	2495	6	8
839	2496	7	8
840	1915	2	8
840	1916	3	8
840	1917	4	8
840	1918	5	8
840	1919	6	8
840	1920	7	8
841	1979	2	8
841	1980	3	8
841	1981	4	8
841	1982	5	8
841	1983	6	8
841	1984	7	8
842	2043	2	8
842	2044	3	8
842	2045	4	8
842	2046	5	8
842	2047	6	8
842	2048	7	8
843	2107	2	8
843	2108	3	8
843	2109	4	8
843	2110	5	8
843	2111	6	8
843	2112	7	8
844	2171	2	8
844	2172	3	8
844	2173	4	8
844	2174	5	8
844	2175	6	8
844	2176	7	8
845	2235	2	8
845	2236	3	8
845	2237	4	8
845	2238	5	8
845	2239	6	8
845	2240	7	8
846	2299	2	8
846	2300	3	8
846	2301	4	8
846	2302	5	8
846	2303	6	8
846	2304	7	8
847	2363	2	8
847	2364	3	8
847	2365	4	8
847	2366	5	8
847	2367	6	8
847	2368	7	8
848	1755	2	8
848	1756	3	8
848	1757	4	8
848	1758	5	8
848	1759	6	8
848	1760	7	8
849	1819	2	8
849	1820	3	8
849	1821	4	8
849	1822	5	8
849	1823	6	8
849	1824	7	8
850	2395	2	8
850	2396	3	8
850	2397	4	8
850	2398	5	8
850	2399	6	8
850	2400	7	8
851	2459	2	8
851	2460	3	8
851	2461	4	8
851	2462	5	8
851	2463	6	8
851	2464	7	8
852	2523	2	8
852	2524	3	8
852	2525	4	8
852	2526	5	8
852	2527	6	8
852	2528	7	8
853	1883	2	8
853	1884	3	8
853	1885	4	8
853	1886	5	8
853	1887	6	8
853	1888	7	8
854	1947	2	8
854	1948	3	8
854	1949	4	8
854	1950	5	8
854	1951	6	8
854	1952	7	8
855	2011	2	8
855	2012	3	8
855	2013	4	8
855	2014	5	8
855	2015	6	8
855	2016	7	8
856	2075	2	8
856	2076	3	8
856	2077	4	8
856	2078	5	8
856	2079	6	8
856	2080	7	8
857	2139	2	8
857	2140	3	8
857	2141	4	8
857	2142	5	8
857	2143	6	8
857	2144	7	8
858	2203	2	8
858	2204	3	8
858	2205	4	8
858	2206	5	8
858	2207	6	8
858	2208	7	8
859	2267	2	8
859	2268	3	8
859	2269	4	8
859	2270	5	8
859	2271	6	8
859	2272	7	8
860	2331	2	8
860	2332	3	8
860	2333	4	8
860	2334	5	8
860	2335	6	8
860	2336	7	8
861	1731	2	8
861	1732	3	8
861	1733	4	8
861	1734	5	8
861	1735	6	8
861	1736	7	8
862	1795	2	8
862	1796	3	8
862	1797	4	8
862	1798	5	8
862	1799	6	8
862	1800	7	8
863	2371	2	8
863	2372	3	8
863	2373	4	8
863	2374	5	8
863	2375	6	8
863	2376	7	8
864	2435	2	8
864	2436	3	8
864	2437	4	8
864	2438	5	8
864	2439	6	8
864	2440	7	8
865	2499	2	8
865	2500	3	8
865	2501	4	8
865	2502	5	8
865	2503	6	8
865	2504	7	8
866	1859	2	8
866	1860	3	8
866	1861	4	8
866	1862	5	8
866	1863	6	8
866	1864	7	8
867	1923	2	8
867	1924	3	8
867	1925	4	8
867	1926	5	8
867	1927	6	8
867	1928	7	8
868	1987	2	8
868	1988	3	8
868	1989	4	8
868	1990	5	8
868	1991	6	8
868	1992	7	8
869	2051	2	8
869	2052	3	8
869	2053	4	8
869	2054	5	8
869	2055	6	8
869	2056	7	8
870	2115	2	8
870	2116	3	8
870	2117	4	8
870	2118	5	8
870	2119	6	8
870	2120	7	8
871	2179	2	8
871	2180	3	8
871	2181	4	8
871	2182	5	8
871	2183	6	8
871	2184	7	8
872	2243	2	8
872	2244	3	8
872	2245	4	8
872	2246	5	8
872	2247	6	8
872	2248	7	8
873	2307	2	8
873	2308	3	8
873	2309	4	8
873	2310	5	8
873	2311	6	8
873	2312	7	8
874	1747	2	8
874	1748	3	8
874	1749	4	8
874	1750	5	8
874	1751	6	8
874	1752	7	8
875	1811	2	8
875	1812	3	8
875	1813	4	8
875	1814	5	8
875	1815	6	8
875	1816	7	8
876	2387	2	8
876	2388	3	8
876	2389	4	8
876	2390	5	8
876	2391	6	8
876	2392	7	8
877	2451	2	8
877	2452	3	8
877	2453	4	8
877	2454	5	8
877	2455	6	8
877	2456	7	8
878	2515	2	8
878	2516	3	8
878	2517	4	8
878	2518	5	8
878	2519	6	8
878	2520	7	8
879	1875	2	8
879	1876	3	8
879	1877	4	8
879	1878	5	8
879	1879	6	8
879	1880	7	8
880	1939	2	8
880	1940	3	8
880	1941	4	8
880	1942	5	8
880	1943	6	8
880	1944	7	8
881	2003	2	8
881	2004	3	8
881	2005	4	8
881	2006	5	8
881	2007	6	8
881	2008	7	8
882	2067	2	8
882	2068	3	8
882	2069	4	8
882	2070	5	8
882	2071	6	8
882	2072	7	8
883	2131	2	8
883	2132	3	8
883	2133	4	8
883	2134	5	8
883	2135	6	8
883	2136	7	8
884	2195	2	8
884	2196	3	8
884	2197	4	8
884	2198	5	8
884	2199	6	8
884	2200	7	8
885	2259	2	8
885	2260	3	8
885	2261	4	8
885	2262	5	8
885	2263	6	8
885	2264	7	8
886	2323	2	8
886	2324	3	8
886	2325	4	8
886	2326	5	8
886	2327	6	8
886	2328	7	8
887	1739	2	8
887	1740	3	8
887	1741	4	8
887	1742	5	8
887	1743	6	8
887	1744	7	8
888	1803	2	8
888	1804	3	8
888	1805	4	8
888	1806	5	8
888	1807	6	8
888	1808	7	8
889	2379	2	8
889	2380	3	8
889	2381	4	8
889	2382	5	8
889	2383	6	8
889	2384	7	8
890	2443	2	8
890	2444	3	8
890	2445	4	8
890	2446	5	8
890	2447	6	8
890	2448	7	8
891	2507	2	8
891	2508	3	8
891	2509	4	8
891	2510	5	8
891	2511	6	8
891	2512	7	8
892	1867	2	8
892	1868	3	8
892	1869	4	8
892	1870	5	8
892	1871	6	8
892	1872	7	8
893	1931	2	8
893	1932	3	8
893	1933	4	8
893	1934	5	8
893	1935	6	8
893	1936	7	8
894	1995	2	8
894	1996	3	8
894	1997	4	8
894	1998	5	8
894	1999	6	8
894	2000	7	8
895	2059	2	8
895	2060	3	8
895	2061	4	8
895	2062	5	8
895	2063	6	8
895	2064	7	8
896	2123	2	8
896	2124	3	8
896	2125	4	8
896	2126	5	8
896	2127	6	8
896	2128	7	8
897	2187	2	8
897	2188	3	8
897	2189	4	8
897	2190	5	8
897	2191	6	8
897	2192	7	8
898	2251	2	8
898	2252	3	8
898	2253	4	8
898	2254	5	8
898	2255	6	8
898	2256	7	8
899	2315	2	8
899	2316	3	8
899	2317	4	8
899	2318	5	8
899	2319	6	8
899	2320	7	8
900	1771	2	8
900	1772	3	8
900	1773	4	8
900	1774	5	8
900	1775	6	8
900	1776	7	8
901	1835	2	8
901	1836	3	8
901	1837	4	8
901	1838	5	8
901	1839	6	8
901	1840	7	8
902	2411	2	8
902	2412	3	8
902	2413	4	8
902	2414	5	8
902	2415	6	8
902	2416	7	8
903	2475	2	8
903	2476	3	8
903	2477	4	8
903	2478	5	8
903	2479	6	8
903	2480	7	8
904	1899	2	8
904	1900	3	8
904	1901	4	8
904	1902	5	8
904	1903	6	8
904	1904	7	8
905	1963	2	8
905	1964	3	8
905	1965	4	8
905	1966	5	8
905	1967	6	8
905	1968	7	8
906	2027	2	8
906	2028	3	8
906	2029	4	8
906	2030	5	8
906	2031	6	8
906	2032	7	8
907	2091	2	8
907	2092	3	8
907	2093	4	8
907	2094	5	8
907	2095	6	8
907	2096	7	8
908	2155	2	8
908	2156	3	8
908	2157	4	8
908	2158	5	8
908	2159	6	8
908	2160	7	8
909	2219	2	8
909	2220	3	8
909	2221	4	8
909	2222	5	8
909	2223	6	8
909	2224	7	8
910	2283	2	8
910	2284	3	8
910	2285	4	8
910	2286	5	8
910	2287	6	8
910	2288	7	8
911	2347	2	8
911	2348	3	8
911	2349	4	8
911	2350	5	8
911	2351	6	8
911	2352	7	8
912	1779	2	8
912	1780	3	8
912	1781	4	8
912	1782	5	8
912	1783	6	8
912	1784	7	8
913	1843	2	8
913	1844	3	8
913	1845	4	8
913	1846	5	8
913	1847	6	8
913	1848	7	8
914	2419	2	8
914	2420	3	8
914	2421	4	8
914	2422	5	8
914	2423	6	8
914	2424	7	8
915	2483	2	8
915	2484	3	8
915	2485	4	8
915	2486	5	8
915	2487	6	8
915	2488	7	8
916	1907	2	8
916	1908	3	8
916	1909	4	8
916	1910	5	8
916	1911	6	8
916	1912	7	8
917	1971	2	8
917	1972	3	8
917	1973	4	8
917	1974	5	8
917	1975	6	8
917	1976	7	8
918	2035	2	8
918	2036	3	8
918	2037	4	8
918	2038	5	8
918	2039	6	8
918	2040	7	8
919	2099	2	8
919	2100	3	8
919	2101	4	8
919	2102	5	8
919	2103	6	8
919	2104	7	8
920	2163	2	8
920	2164	3	8
920	2165	4	8
920	2166	5	8
920	2167	6	8
920	2168	7	8
921	2227	2	8
921	2228	3	8
921	2229	4	8
921	2230	5	8
921	2231	6	8
921	2232	7	8
922	2291	2	8
922	2292	3	8
922	2293	4	8
922	2294	5	8
922	2295	6	8
922	2296	7	8
923	2355	2	8
923	2356	3	8
923	2357	4	8
923	2358	5	8
923	2359	6	8
923	2360	7	8
924	1763	2	8
924	1764	3	8
924	1765	4	8
924	1766	5	8
924	1767	6	8
924	1768	7	8
925	1827	2	8
925	1828	3	8
925	1829	4	8
925	1830	5	8
925	1831	6	8
925	1832	7	8
926	2403	2	8
926	2404	3	8
926	2405	4	8
926	2406	5	8
926	2407	6	8
926	2408	7	8
927	2467	2	8
927	2468	3	8
927	2469	4	8
927	2470	5	8
927	2471	6	8
927	2472	7	8
928	1891	2	8
928	1892	3	8
928	1893	4	8
928	1894	5	8
928	1895	6	8
928	1896	7	8
929	1955	2	8
929	1956	3	8
929	1957	4	8
929	1958	5	8
929	1959	6	8
929	1960	7	8
930	2019	2	8
930	2020	3	8
930	2021	4	8
930	2022	5	8
930	2023	6	8
930	2024	7	8
931	2083	2	8
931	2084	3	8
931	2085	4	8
931	2086	5	8
931	2087	6	8
931	2088	7	8
932	2147	2	8
932	2148	3	8
932	2149	4	8
932	2150	5	8
932	2151	6	8
932	2152	7	8
933	2211	2	8
933	2212	3	8
933	2213	4	8
933	2214	5	8
933	2215	6	8
933	2216	7	8
934	2275	2	8
934	2276	3	8
934	2277	4	8
934	2278	5	8
934	2279	6	8
934	2280	7	8
935	2339	2	8
935	2340	3	8
935	2341	4	8
935	2342	5	8
935	2343	6	8
935	2344	7	8
936	1787	2	8
936	1788	3	8
936	1789	4	8
936	1790	5	8
936	1791	6	8
936	1792	7	8
937	1851	2	8
937	1852	3	8
937	1853	4	8
937	1854	5	8
937	1855	6	8
937	1856	7	8
938	2427	2	8
938	2428	3	8
938	2429	4	8
938	2430	5	8
938	2431	6	8
938	2432	7	8
939	2491	2	8
939	2492	3	8
939	2493	4	8
939	2494	5	8
939	2495	6	8
939	2496	7	8
940	1915	2	8
940	1916	3	8
940	1917	4	8
940	1918	5	8
940	1919	6	8
940	1920	7	8
941	1979	2	8
941	1980	3	8
941	1981	4	8
941	1982	5	8
941	1983	6	8
941	1984	7	8
942	2043	2	8
942	2044	3	8
942	2045	4	8
942	2046	5	8
942	2047	6	8
942	2048	7	8
943	2107	2	8
943	2108	3	8
943	2109	4	8
943	2110	5	8
943	2111	6	8
943	2112	7	8
944	2171	2	8
944	2172	3	8
944	2173	4	8
944	2174	5	8
944	2175	6	8
944	2176	7	8
945	2235	2	8
945	2236	3	8
945	2237	4	8
945	2238	5	8
945	2239	6	8
945	2240	7	8
946	2299	2	8
946	2300	3	8
946	2301	4	8
946	2302	5	8
946	2303	6	8
946	2304	7	8
947	2363	2	8
947	2364	3	8
947	2365	4	8
947	2366	5	8
947	2367	6	8
947	2368	7	8
948	1755	2	8
948	1756	3	8
948	1757	4	8
948	1758	5	8
948	1759	6	8
948	1760	7	8
949	1819	2	8
949	1820	3	8
949	1821	4	8
949	1822	5	8
949	1823	6	8
949	1824	7	8
950	2395	2	8
950	2396	3	8
950	2397	4	8
950	2398	5	8
950	2399	6	8
950	2400	7	8
951	2459	2	8
951	2460	3	8
951	2461	4	8
951	2462	5	8
951	2463	6	8
951	2464	7	8
952	2523	2	8
952	2524	3	8
952	2525	4	8
952	2526	5	8
952	2527	6	8
952	2528	7	8
953	1883	2	8
953	1884	3	8
953	1885	4	8
953	1886	5	8
953	1887	6	8
953	1888	7	8
954	1947	2	8
954	1948	3	8
954	1949	4	8
954	1950	5	8
954	1951	6	8
954	1952	7	8
955	2011	2	8
955	2012	3	8
955	2013	4	8
955	2014	5	8
955	2015	6	8
955	2016	7	8
956	2075	2	8
956	2076	3	8
956	2077	4	8
956	2078	5	8
956	2079	6	8
956	2080	7	8
957	2139	2	8
957	2140	3	8
957	2141	4	8
957	2142	5	8
957	2143	6	8
957	2144	7	8
958	2203	2	8
958	2204	3	8
958	2205	4	8
958	2206	5	8
958	2207	6	8
958	2208	7	8
959	2267	2	8
959	2268	3	8
959	2269	4	8
959	2270	5	8
959	2271	6	8
959	2272	7	8
960	2331	2	8
960	2332	3	8
960	2333	4	8
960	2334	5	8
960	2335	6	8
960	2336	7	8
961	1731	2	8
961	1732	3	8
961	1733	4	8
961	1734	5	8
961	1735	6	8
961	1736	7	8
962	1795	2	8
962	1796	3	8
962	1797	4	8
962	1798	5	8
962	1799	6	8
962	1800	7	8
963	2371	2	8
963	2372	3	8
963	2373	4	8
963	2374	5	8
963	2375	6	8
963	2376	7	8
964	2435	2	8
964	2436	3	8
964	2437	4	8
964	2438	5	8
964	2439	6	8
964	2440	7	8
965	2499	2	8
965	2500	3	8
965	2501	4	8
965	2502	5	8
965	2503	6	8
965	2504	7	8
966	1859	2	8
966	1860	3	8
966	1861	4	8
966	1862	5	8
966	1863	6	8
966	1864	7	8
967	1923	2	8
967	1924	3	8
967	1925	4	8
967	1926	5	8
967	1927	6	8
967	1928	7	8
968	1987	2	8
968	1988	3	8
968	1989	4	8
968	1990	5	8
968	1991	6	8
968	1992	7	8
969	2051	2	8
969	2052	3	8
969	2053	4	8
969	2054	5	8
969	2055	6	8
969	2056	7	8
970	2115	2	8
970	2116	3	8
970	2117	4	8
970	2118	5	8
970	2119	6	8
970	2120	7	8
971	2179	2	8
971	2180	3	8
971	2181	4	8
971	2182	5	8
971	2183	6	8
971	2184	7	8
972	2243	2	8
972	2244	3	8
972	2245	4	8
972	2246	5	8
972	2247	6	8
972	2248	7	8
973	2307	2	8
973	2308	3	8
973	2309	4	8
973	2310	5	8
973	2311	6	8
973	2312	7	8
974	1747	2	8
974	1748	3	8
974	1749	4	8
974	1750	5	8
974	1751	6	8
974	1752	7	8
975	1811	2	8
975	1812	3	8
975	1813	4	8
975	1814	5	8
975	1815	6	8
975	1816	7	8
976	2387	2	8
976	2388	3	8
976	2389	4	8
976	2390	5	8
976	2391	6	8
976	2392	7	8
977	2451	2	8
977	2452	3	8
977	2453	4	8
977	2454	5	8
977	2455	6	8
977	2456	7	8
978	2515	2	8
978	2516	3	8
978	2517	4	8
978	2518	5	8
978	2519	6	8
978	2520	7	8
979	1875	2	8
979	1876	3	8
979	1877	4	8
979	1878	5	8
979	1879	6	8
979	1880	7	8
980	1939	2	8
980	1940	3	8
980	1941	4	8
980	1942	5	8
980	1943	6	8
980	1944	7	8
981	2003	2	8
981	2004	3	8
981	2005	4	8
981	2006	5	8
981	2007	6	8
981	2008	7	8
982	2067	2	8
982	2068	3	8
982	2069	4	8
982	2070	5	8
982	2071	6	8
982	2072	7	8
983	2131	2	8
983	2132	3	8
983	2133	4	8
983	2134	5	8
983	2135	6	8
983	2136	7	8
984	2195	2	8
984	2196	3	8
984	2197	4	8
984	2198	5	8
984	2199	6	8
984	2200	7	8
985	2259	2	8
985	2260	3	8
985	2261	4	8
985	2262	5	8
985	2263	6	8
985	2264	7	8
986	2323	2	8
986	2324	3	8
986	2325	4	8
986	2326	5	8
986	2327	6	8
986	2328	7	8
987	1739	2	8
987	1740	3	8
987	1741	4	8
987	1742	5	8
987	1743	6	8
987	1744	7	8
988	1803	2	8
988	1804	3	8
988	1805	4	8
988	1806	5	8
988	1807	6	8
988	1808	7	8
989	2379	2	8
989	2380	3	8
989	2381	4	8
989	2382	5	8
989	2383	6	8
989	2384	7	8
990	2443	2	8
990	2444	3	8
990	2445	4	8
990	2446	5	8
990	2447	6	8
990	2448	7	8
991	2507	2	8
991	2508	3	8
991	2509	4	8
991	2510	5	8
991	2511	6	8
991	2512	7	8
992	1867	2	8
992	1868	3	8
992	1869	4	8
992	1870	5	8
992	1871	6	8
992	1872	7	8
993	1931	2	8
993	1932	3	8
993	1933	4	8
993	1934	5	8
993	1935	6	8
993	1936	7	8
994	1995	2	8
994	1996	3	8
994	1997	4	8
994	1998	5	8
994	1999	6	8
994	2000	7	8
995	2059	2	8
995	2060	3	8
995	2061	4	8
995	2062	5	8
995	2063	6	8
995	2064	7	8
996	2123	2	8
996	2124	3	8
996	2125	4	8
996	2126	5	8
996	2127	6	8
996	2128	7	8
997	2187	2	8
997	2188	3	8
997	2189	4	8
997	2190	5	8
997	2191	6	8
997	2192	7	8
998	2251	2	8
998	2252	3	8
998	2253	4	8
998	2254	5	8
998	2255	6	8
998	2256	7	8
999	2315	2	8
999	2316	3	8
999	2317	4	8
999	2318	5	8
999	2319	6	8
999	2320	7	8
1000	1771	2	8
1000	1772	3	8
1000	1773	4	8
1000	1774	5	8
1000	1775	6	8
1000	1776	7	8
1001	1835	2	8
1001	1836	3	8
1001	1837	4	8
1001	1838	5	8
1001	1839	6	8
1001	1840	7	8
1002	2411	2	8
1002	2412	3	8
1002	2413	4	8
1002	2414	5	8
1002	2415	6	8
1002	2416	7	8
1003	2475	2	8
1003	2476	3	8
1003	2477	4	8
1003	2478	5	8
1003	2479	6	8
1003	2480	7	8
1004	1899	2	8
1004	1900	3	8
1004	1901	4	8
1004	1902	5	8
1004	1903	6	8
1004	1904	7	8
1005	1963	2	8
1005	1964	3	8
1005	1965	4	8
1005	1966	5	8
1005	1967	6	8
1005	1968	7	8
1006	2027	2	8
1006	2028	3	8
1006	2029	4	8
1006	2030	5	8
1006	2031	6	8
1006	2032	7	8
1007	2091	2	8
1007	2092	3	8
1007	2093	4	8
1007	2094	5	8
1007	2095	6	8
1007	2096	7	8
1008	2155	2	8
1008	2156	3	8
1008	2157	4	8
1008	2158	5	8
1008	2159	6	8
1008	2160	7	8
1009	2219	2	8
1009	2220	3	8
1009	2221	4	8
1009	2222	5	8
1009	2223	6	8
1009	2224	7	8
1010	2283	2	8
1010	2284	3	8
1010	2285	4	8
1010	2286	5	8
1010	2287	6	8
1010	2288	7	8
1011	2347	2	8
1011	2348	3	8
1011	2349	4	8
1011	2350	5	8
1011	2351	6	8
1011	2352	7	8
1012	1779	2	8
1012	1780	3	8
1012	1781	4	8
1012	1782	5	8
1012	1783	6	8
1012	1784	7	8
1013	1843	2	8
1013	1844	3	8
1013	1845	4	8
1013	1846	5	8
1013	1847	6	8
1013	1848	7	8
1014	2419	2	8
1014	2420	3	8
1014	2421	4	8
1014	2422	5	8
1014	2423	6	8
1014	2424	7	8
1015	2483	2	8
1015	2484	3	8
1015	2485	4	8
1015	2486	5	8
1015	2487	6	8
1015	2488	7	8
1016	1907	2	8
1016	1908	3	8
1016	1909	4	8
1016	1910	5	8
1016	1911	6	8
1016	1912	7	8
1017	1971	2	8
1017	1972	3	8
1017	1973	4	8
1017	1974	5	8
1017	1975	6	8
1017	1976	7	8
1018	2035	2	8
1018	2036	3	8
1018	2037	4	8
1018	2038	5	8
1018	2039	6	8
1018	2040	7	8
1019	2099	2	8
1019	2100	3	8
1019	2101	4	8
1019	2102	5	8
1019	2103	6	8
1019	2104	7	8
1020	2163	2	8
1020	2164	3	8
1020	2165	4	8
1020	2166	5	8
1020	2167	6	8
1020	2168	7	8
1021	2227	2	8
1021	2228	3	8
1021	2229	4	8
1021	2230	5	8
1021	2231	6	8
1021	2232	7	8
1022	2291	2	8
1022	2292	3	8
1022	2293	4	8
1022	2294	5	8
1022	2295	6	8
1022	2296	7	8
1023	2355	2	8
1023	2356	3	8
1023	2357	4	8
1023	2358	5	8
1023	2359	6	8
1023	2360	7	8
1024	1763	2	8
1024	1764	3	8
1024	1765	4	8
1024	1766	5	8
1024	1767	6	8
1024	1768	7	8
1025	1827	2	8
1025	1828	3	8
1025	1829	4	8
1025	1830	5	8
1025	1831	6	8
1025	1832	7	8
1026	2403	2	8
1026	2404	3	8
1026	2405	4	8
1026	2406	5	8
1026	2407	6	8
1026	2408	7	8
1027	2467	2	8
1027	2468	3	8
1027	2469	4	8
1027	2470	5	8
1027	2471	6	8
1027	2472	7	8
1028	1891	2	8
1028	1892	3	8
1028	1893	4	8
1028	1894	5	8
1028	1895	6	8
1028	1896	7	8
1029	1955	2	8
1029	1956	3	8
1029	1957	4	8
1029	1958	5	8
1029	1959	6	8
1029	1960	7	8
1030	2019	2	8
1030	2020	3	8
1030	2021	4	8
1030	2022	5	8
1030	2023	6	8
1030	2024	7	8
1031	2083	2	8
1031	2084	3	8
1031	2085	4	8
1031	2086	5	8
1031	2087	6	8
1031	2088	7	8
1032	2147	2	8
1032	2148	3	8
1032	2149	4	8
1032	2150	5	8
1032	2151	6	8
1032	2152	7	8
1033	2211	2	8
1033	2212	3	8
1033	2213	4	8
1033	2214	5	8
1033	2215	6	8
1033	2216	7	8
1034	2275	2	8
1034	2276	3	8
1034	2277	4	8
1034	2278	5	8
1034	2279	6	8
1034	2280	7	8
1035	2339	2	8
1035	2340	3	8
1035	2341	4	8
1035	2342	5	8
1035	2343	6	8
1035	2344	7	8
1036	1787	2	8
1036	1788	3	8
1036	1789	4	8
1036	1790	5	8
1036	1791	6	8
1036	1792	7	8
1037	1851	2	8
1037	1852	3	8
1037	1853	4	8
1037	1854	5	8
1037	1855	6	8
1037	1856	7	8
1038	2427	2	8
1038	2428	3	8
1038	2429	4	8
1038	2430	5	8
1038	2431	6	8
1038	2432	7	8
1039	2491	2	8
1039	2492	3	8
1039	2493	4	8
1039	2494	5	8
1039	2495	6	8
1039	2496	7	8
1040	1915	2	8
1040	1916	3	8
1040	1917	4	8
1040	1918	5	8
1040	1919	6	8
1040	1920	7	8
1041	1979	2	8
1041	1980	3	8
1041	1981	4	8
1041	1982	5	8
1041	1983	6	8
1041	1984	7	8
1042	2043	2	8
1042	2044	3	8
1042	2045	4	8
1042	2046	5	8
1042	2047	6	8
1042	2048	7	8
1043	2107	2	8
1043	2108	3	8
1043	2109	4	8
1043	2110	5	8
1043	2111	6	8
1043	2112	7	8
1044	2171	2	8
1044	2172	3	8
1044	2173	4	8
1044	2174	5	8
1044	2175	6	8
1044	2176	7	8
1045	2235	2	8
1045	2236	3	8
1045	2237	4	8
1045	2238	5	8
1045	2239	6	8
1045	2240	7	8
1046	2299	2	8
1046	2300	3	8
1046	2301	4	8
1046	2302	5	8
1046	2303	6	8
1046	2304	7	8
1047	2363	2	8
1047	2364	3	8
1047	2365	4	8
1047	2366	5	8
1047	2367	6	8
1047	2368	7	8
1048	1755	2	8
1048	1756	3	8
1048	1757	4	8
1048	1758	5	8
1048	1759	6	8
1048	1760	7	8
1049	1819	2	8
1049	1820	3	8
1049	1821	4	8
1049	1822	5	8
1049	1823	6	8
1049	1824	7	8
1050	2395	2	8
1050	2396	3	8
1050	2397	4	8
1050	2398	5	8
1050	2399	6	8
1050	2400	7	8
1051	2459	2	8
1051	2460	3	8
1051	2461	4	8
1051	2462	5	8
1051	2463	6	8
1051	2464	7	8
1052	2523	2	8
1052	2524	3	8
1052	2525	4	8
1052	2526	5	8
1052	2527	6	8
1052	2528	7	8
1053	1883	2	8
1053	1884	3	8
1053	1885	4	8
1053	1886	5	8
1053	1887	6	8
1053	1888	7	8
1054	1947	2	8
1054	1948	3	8
1054	1949	4	8
1054	1950	5	8
1054	1951	6	8
1054	1952	7	8
1055	2011	2	8
1055	2012	3	8
1055	2013	4	8
1055	2014	5	8
1055	2015	6	8
1055	2016	7	8
1056	2075	2	8
1056	2076	3	8
1056	2077	4	8
1056	2078	5	8
1056	2079	6	8
1056	2080	7	8
1057	2139	2	8
1057	2140	3	8
1057	2141	4	8
1057	2142	5	8
1057	2143	6	8
1057	2144	7	8
1058	2203	2	8
1058	2204	3	8
1058	2205	4	8
1058	2206	5	8
1058	2207	6	8
1058	2208	7	8
1059	2267	2	8
1059	2268	3	8
1059	2269	4	8
1059	2270	5	8
1059	2271	6	8
1059	2272	7	8
1060	2331	2	8
1060	2332	3	8
1060	2333	4	8
1060	2334	5	8
1060	2335	6	8
1060	2336	7	8
1061	1731	2	8
1061	1732	3	8
1061	1733	4	8
1061	1734	5	8
1061	1735	6	8
1061	1736	7	8
1062	1795	2	8
1062	1796	3	8
1062	1797	4	8
1062	1798	5	8
1062	1799	6	8
1062	1800	7	8
1063	2371	2	8
1063	2372	3	8
1063	2373	4	8
1063	2374	5	8
1063	2375	6	8
1063	2376	7	8
1064	2435	2	8
1064	2436	3	8
1064	2437	4	8
1064	2438	5	8
1064	2439	6	8
1064	2440	7	8
1065	2499	2	8
1065	2500	3	8
1065	2501	4	8
1065	2502	5	8
1065	2503	6	8
1065	2504	7	8
1066	1859	2	8
1066	1860	3	8
1066	1861	4	8
1066	1862	5	8
1066	1863	6	8
1066	1864	7	8
1067	1923	2	8
1067	1924	3	8
1067	1925	4	8
1067	1926	5	8
1067	1927	6	8
1067	1928	7	8
1068	1987	2	8
1068	1988	3	8
1068	1989	4	8
1068	1990	5	8
1068	1991	6	8
1068	1992	7	8
1069	2051	2	8
1069	2052	3	8
1069	2053	4	8
1069	2054	5	8
1069	2055	6	8
1069	2056	7	8
1070	2115	2	8
1070	2116	3	8
1070	2117	4	8
1070	2118	5	8
1070	2119	6	8
1070	2120	7	8
1071	2179	2	8
1071	2180	3	8
1071	2181	4	8
1071	2182	5	8
1071	2183	6	8
1071	2184	7	8
1072	2243	2	8
1072	2244	3	8
1072	2245	4	8
1072	2246	5	8
1072	2247	6	8
1072	2248	7	8
1073	2307	2	8
1073	2308	3	8
1073	2309	4	8
1073	2310	5	8
1073	2311	6	8
1073	2312	7	8
1074	1747	2	8
1074	1748	3	8
1074	1749	4	8
1074	1750	5	8
1074	1751	6	8
1074	1752	7	8
1075	1811	2	8
1075	1812	3	8
1075	1813	4	8
1075	1814	5	8
1075	1815	6	8
1075	1816	7	8
1076	2387	2	8
1076	2388	3	8
1076	2389	4	8
1076	2390	5	8
1076	2391	6	8
1076	2392	7	8
1077	2451	2	8
1077	2452	3	8
1077	2453	4	8
1077	2454	5	8
1077	2455	6	8
1077	2456	7	8
1078	2515	2	8
1078	2516	3	8
1078	2517	4	8
1078	2518	5	8
1078	2519	6	8
1078	2520	7	8
1079	1875	2	8
1079	1876	3	8
1079	1877	4	8
1079	1878	5	8
1079	1879	6	8
1079	1880	7	8
1080	1939	2	8
1080	1940	3	8
1080	1941	4	8
1080	1942	5	8
1080	1943	6	8
1080	1944	7	8
1081	2003	2	8
1081	2004	3	8
1081	2005	4	8
1081	2006	5	8
1081	2007	6	8
1081	2008	7	8
1082	2067	2	8
1082	2068	3	8
1082	2069	4	8
1082	2070	5	8
1082	2071	6	8
1082	2072	7	8
1083	2131	2	8
1083	2132	3	8
1083	2133	4	8
1083	2134	5	8
1083	2135	6	8
1083	2136	7	8
1084	2195	2	8
1084	2196	3	8
1084	2197	4	8
1084	2198	5	8
1084	2199	6	8
1084	2200	7	8
1085	2259	2	8
1085	2260	3	8
1085	2261	4	8
1085	2262	5	8
1085	2263	6	8
1085	2264	7	8
1086	2323	2	8
1086	2324	3	8
1086	2325	4	8
1086	2326	5	8
1086	2327	6	8
1086	2328	7	8
1087	1739	2	8
1087	1740	3	8
1087	1741	4	8
1087	1742	5	8
1087	1743	6	8
1087	1744	7	8
1088	1803	2	8
1088	1804	3	8
1088	1805	4	8
1088	1806	5	8
1088	1807	6	8
1088	1808	7	8
1089	2379	2	8
1089	2380	3	8
1089	2381	4	8
1089	2382	5	8
1089	2383	6	8
1089	2384	7	8
1090	2443	2	8
1090	2444	3	8
1090	2445	4	8
1090	2446	5	8
1090	2447	6	8
1090	2448	7	8
1091	2507	2	8
1091	2508	3	8
1091	2509	4	8
1091	2510	5	8
1091	2511	6	8
1091	2512	7	8
1092	1867	2	8
1092	1868	3	8
1092	1869	4	8
1092	1870	5	8
1092	1871	6	8
1092	1872	7	8
1093	1931	2	8
1093	1932	3	8
1093	1933	4	8
1093	1934	5	8
1093	1935	6	8
1093	1936	7	8
1094	1995	2	8
1094	1996	3	8
1094	1997	4	8
1094	1998	5	8
1094	1999	6	8
1094	2000	7	8
1095	2059	2	8
1095	2060	3	8
1095	2061	4	8
1095	2062	5	8
1095	2063	6	8
1095	2064	7	8
1096	2123	2	8
1096	2124	3	8
1096	2125	4	8
1096	2126	5	8
1096	2127	6	8
1096	2128	7	8
1097	2187	2	8
1097	2188	3	8
1097	2189	4	8
1097	2190	5	8
1097	2191	6	8
1097	2192	7	8
1098	2251	2	8
1098	2252	3	8
1098	2253	4	8
1098	2254	5	8
1098	2255	6	8
1098	2256	7	8
1099	2315	2	8
1099	2316	3	8
1099	2317	4	8
1099	2318	5	8
1099	2319	6	8
1099	2320	7	8
1100	1771	2	8
1100	1772	3	8
1100	1773	4	8
1100	1774	5	8
1100	1775	6	8
1100	1776	7	8
1101	1835	2	8
1101	1836	3	8
1101	1837	4	8
1101	1838	5	8
1101	1839	6	8
1101	1840	7	8
1102	2411	2	8
1102	2412	3	8
1102	2413	4	8
1102	2414	5	8
1102	2415	6	8
1102	2416	7	8
1103	2475	2	8
1103	2476	3	8
1103	2477	4	8
1103	2478	5	8
1103	2479	6	8
1103	2480	7	8
1104	1899	2	8
1104	1900	3	8
1104	1901	4	8
1104	1902	5	8
1104	1903	6	8
1104	1904	7	8
1105	1963	2	8
1105	1964	3	8
1105	1965	4	8
1105	1966	5	8
1105	1967	6	8
1105	1968	7	8
1106	2027	2	8
1106	2028	3	8
1106	2029	4	8
1106	2030	5	8
1106	2031	6	8
1106	2032	7	8
1107	2091	2	8
1107	2092	3	8
1107	2093	4	8
1107	2094	5	8
1107	2095	6	8
1107	2096	7	8
1108	2155	2	8
1108	2156	3	8
1108	2157	4	8
1108	2158	5	8
1108	2159	6	8
1108	2160	7	8
1109	2219	2	8
1109	2220	3	8
1109	2221	4	8
1109	2222	5	8
1109	2223	6	8
1109	2224	7	8
1110	2283	2	8
1110	2284	3	8
1110	2285	4	8
1110	2286	5	8
1110	2287	6	8
1110	2288	7	8
1111	2347	2	8
1111	2348	3	8
1111	2349	4	8
1111	2350	5	8
1111	2351	6	8
1111	2352	7	8
1112	1779	2	8
1112	1780	3	8
1112	1781	4	8
1112	1782	5	8
1112	1783	6	8
1112	1784	7	8
1113	1843	2	8
1113	1844	3	8
1113	1845	4	8
1113	1846	5	8
1113	1847	6	8
1113	1848	7	8
1114	2419	2	8
1114	2420	3	8
1114	2421	4	8
1114	2422	5	8
1114	2423	6	8
1114	2424	7	8
1115	2483	2	8
1115	2484	3	8
1115	2485	4	8
1115	2486	5	8
1115	2487	6	8
1115	2488	7	8
1116	1907	2	8
1116	1908	3	8
1116	1909	4	8
1116	1910	5	8
1116	1911	6	8
1116	1912	7	8
1117	1971	2	8
1117	1972	3	8
1117	1973	4	8
1117	1974	5	8
1117	1975	6	8
1117	1976	7	8
1118	2035	2	8
1118	2036	3	8
1118	2037	4	8
1118	2038	5	8
1118	2039	6	8
1118	2040	7	8
1119	2099	2	8
1119	2100	3	8
1119	2101	4	8
1119	2102	5	8
1119	2103	6	8
1119	2104	7	8
1120	2163	2	8
1120	2164	3	8
1120	2165	4	8
1120	2166	5	8
1120	2167	6	8
1120	2168	7	8
1121	2227	2	8
1121	2228	3	8
1121	2229	4	8
1121	2230	5	8
1121	2231	6	8
1121	2232	7	8
1122	2291	2	8
1122	2292	3	8
1122	2293	4	8
1122	2294	5	8
1122	2295	6	8
1122	2296	7	8
1123	2355	2	8
1123	2356	3	8
1123	2357	4	8
1123	2358	5	8
1123	2359	6	8
1123	2360	7	8
1124	1763	2	8
1124	1764	3	8
1124	1765	4	8
1124	1766	5	8
1124	1767	6	8
1124	1768	7	8
1125	1827	2	8
1125	1828	3	8
1125	1829	4	8
1125	1830	5	8
1125	1831	6	8
1125	1832	7	8
1126	2403	2	8
1126	2404	3	8
1126	2405	4	8
1126	2406	5	8
1126	2407	6	8
1126	2408	7	8
1127	2467	2	8
1127	2468	3	8
1127	2469	4	8
1127	2470	5	8
1127	2471	6	8
1127	2472	7	8
1128	1891	2	8
1128	1892	3	8
1128	1893	4	8
1128	1894	5	8
1128	1895	6	8
1128	1896	7	8
1129	1955	2	8
1129	1956	3	8
1129	1957	4	8
1129	1958	5	8
1129	1959	6	8
1129	1960	7	8
1130	2019	2	8
1130	2020	3	8
1130	2021	4	8
1130	2022	5	8
1130	2023	6	8
1130	2024	7	8
1131	2083	2	8
1131	2084	3	8
1131	2085	4	8
1131	2086	5	8
1131	2087	6	8
1131	2088	7	8
1132	2147	2	8
1132	2148	3	8
1132	2149	4	8
1132	2150	5	8
1132	2151	6	8
1132	2152	7	8
1133	2211	2	8
1133	2212	3	8
1133	2213	4	8
1133	2214	5	8
1133	2215	6	8
1133	2216	7	8
1134	2275	2	8
1134	2276	3	8
1134	2277	4	8
1134	2278	5	8
1134	2279	6	8
1134	2280	7	8
1135	2339	2	8
1135	2340	3	8
1135	2341	4	8
1135	2342	5	8
1135	2343	6	8
1135	2344	7	8
1136	1787	2	8
1136	1788	3	8
1136	1789	4	8
1136	1790	5	8
1136	1791	6	8
1136	1792	7	8
1137	1851	2	8
1137	1852	3	8
1137	1853	4	8
1137	1854	5	8
1137	1855	6	8
1137	1856	7	8
1138	2427	2	8
1138	2428	3	8
1138	2429	4	8
1138	2430	5	8
1138	2431	6	8
1138	2432	7	8
1139	2491	2	8
1139	2492	3	8
1139	2493	4	8
1139	2494	5	8
1139	2495	6	8
1139	2496	7	8
1140	1915	2	8
1140	1916	3	8
1140	1917	4	8
1140	1918	5	8
1140	1919	6	8
1140	1920	7	8
1141	1979	2	8
1141	1980	3	8
1141	1981	4	8
1141	1982	5	8
1141	1983	6	8
1141	1984	7	8
1142	2043	2	8
1142	2044	3	8
1142	2045	4	8
1142	2046	5	8
1142	2047	6	8
1142	2048	7	8
1143	2107	2	8
1143	2108	3	8
1143	2109	4	8
1143	2110	5	8
1143	2111	6	8
1143	2112	7	8
1144	2171	2	8
1144	2172	3	8
1144	2173	4	8
1144	2174	5	8
1144	2175	6	8
1144	2176	7	8
1145	2235	2	8
1145	2236	3	8
1145	2237	4	8
1145	2238	5	8
1145	2239	6	8
1145	2240	7	8
1146	2299	2	8
1146	2300	3	8
1146	2301	4	8
1146	2302	5	8
1146	2303	6	8
1146	2304	7	8
1147	2363	2	8
1147	2364	3	8
1147	2365	4	8
1147	2366	5	8
1147	2367	6	8
1147	2368	7	8
1148	1755	2	8
1148	1756	3	8
1148	1757	4	8
1148	1758	5	8
1148	1759	6	8
1148	1760	7	8
1149	1819	2	8
1149	1820	3	8
1149	1821	4	8
1149	1822	5	8
1149	1823	6	8
1149	1824	7	8
1150	2395	2	8
1150	2396	3	8
1150	2397	4	8
1150	2398	5	8
1150	2399	6	8
1150	2400	7	8
1151	2459	2	8
1151	2460	3	8
1151	2461	4	8
1151	2462	5	8
1151	2463	6	8
1151	2464	7	8
1152	2523	2	8
1152	2524	3	8
1152	2525	4	8
1152	2526	5	8
1152	2527	6	8
1152	2528	7	8
1153	1883	2	8
1153	1884	3	8
1153	1885	4	8
1153	1886	5	8
1153	1887	6	8
1153	1888	7	8
1154	1947	2	8
1154	1948	3	8
1154	1949	4	8
1154	1950	5	8
1154	1951	6	8
1154	1952	7	8
1155	2011	2	8
1155	2012	3	8
1155	2013	4	8
1155	2014	5	8
1155	2015	6	8
1155	2016	7	8
1156	2075	2	8
1156	2076	3	8
1156	2077	4	8
1156	2078	5	8
1156	2079	6	8
1156	2080	7	8
1157	2139	2	8
1157	2140	3	8
1157	2141	4	8
1157	2142	5	8
1157	2143	6	8
1157	2144	7	8
1158	2203	2	8
1158	2204	3	8
1158	2205	4	8
1158	2206	5	8
1158	2207	6	8
1158	2208	7	8
1159	2267	2	8
1159	2268	3	8
1159	2269	4	8
1159	2270	5	8
1159	2271	6	8
1159	2272	7	8
1160	2331	2	8
1160	2332	3	8
1160	2333	4	8
1160	2334	5	8
1160	2335	6	8
1160	2336	7	8
1161	1731	2	8
1161	1732	3	8
1161	1733	4	8
1161	1734	5	8
1161	1735	6	8
1161	1736	7	8
1162	1795	2	8
1162	1796	3	8
1162	1797	4	8
1162	1798	5	8
1162	1799	6	8
1162	1800	7	8
1163	2371	2	8
1163	2372	3	8
1163	2373	4	8
1163	2374	5	8
1163	2375	6	8
1163	2376	7	8
1164	2435	2	8
1164	2436	3	8
1164	2437	4	8
1164	2438	5	8
1164	2439	6	8
1164	2440	7	8
1165	2499	2	8
1165	2500	3	8
1165	2501	4	8
1165	2502	5	8
1165	2503	6	8
1165	2504	7	8
1166	1859	2	8
1166	1860	3	8
1166	1861	4	8
1166	1862	5	8
1166	1863	6	8
1166	1864	7	8
1167	1923	2	8
1167	1924	3	8
1167	1925	4	8
1167	1926	5	8
1167	1927	6	8
1167	1928	7	8
1168	1987	2	8
1168	1988	3	8
1168	1989	4	8
1168	1990	5	8
1168	1991	6	8
1168	1992	7	8
1169	2051	2	8
1169	2052	3	8
1169	2053	4	8
1169	2054	5	8
1169	2055	6	8
1169	2056	7	8
1170	2115	2	8
1170	2116	3	8
1170	2117	4	8
1170	2118	5	8
1170	2119	6	8
1170	2120	7	8
1171	2179	2	8
1171	2180	3	8
1171	2181	4	8
1171	2182	5	8
1171	2183	6	8
1171	2184	7	8
1172	2243	2	8
1172	2244	3	8
1172	2245	4	8
1172	2246	5	8
1172	2247	6	8
1172	2248	7	8
1173	2307	2	8
1173	2308	3	8
1173	2309	4	8
1173	2310	5	8
1173	2311	6	8
1173	2312	7	8
1174	1747	2	8
1174	1748	3	8
1174	1749	4	8
1174	1750	5	8
1174	1751	6	8
1174	1752	7	8
1175	1811	2	8
1175	1812	3	8
1175	1813	4	8
1175	1814	5	8
1175	1815	6	8
1175	1816	7	8
1176	2387	2	8
1176	2388	3	8
1176	2389	4	8
1176	2390	5	8
1176	2391	6	8
1176	2392	7	8
1177	2451	2	8
1177	2452	3	8
1177	2453	4	8
1177	2454	5	8
1177	2455	6	8
1177	2456	7	8
1178	2515	2	8
1178	2516	3	8
1178	2517	4	8
1178	2518	5	8
1178	2519	6	8
1178	2520	7	8
1179	1875	2	8
1179	1876	3	8
1179	1877	4	8
1179	1878	5	8
1179	1879	6	8
1179	1880	7	8
1180	1939	2	8
1180	1940	3	8
1180	1941	4	8
1180	1942	5	8
1180	1943	6	8
1180	1944	7	8
1181	2003	2	8
1181	2004	3	8
1181	2005	4	8
1181	2006	5	8
1181	2007	6	8
1181	2008	7	8
1182	2067	2	8
1182	2068	3	8
1182	2069	4	8
1182	2070	5	8
1182	2071	6	8
1182	2072	7	8
1183	2131	2	8
1183	2132	3	8
1183	2133	4	8
1183	2134	5	8
1183	2135	6	8
1183	2136	7	8
1184	2195	2	8
1184	2196	3	8
1184	2197	4	8
1184	2198	5	8
1184	2199	6	8
1184	2200	7	8
1185	2259	2	8
1185	2260	3	8
1185	2261	4	8
1185	2262	5	8
1185	2263	6	8
1185	2264	7	8
1186	2323	2	8
1186	2324	3	8
1186	2325	4	8
1186	2326	5	8
1186	2327	6	8
1186	2328	7	8
1187	1739	2	8
1187	1740	3	8
1187	1741	4	8
1187	1742	5	8
1187	1743	6	8
1187	1744	7	8
1188	1803	2	8
1188	1804	3	8
1188	1805	4	8
1188	1806	5	8
1188	1807	6	8
1188	1808	7	8
1189	2379	2	8
1189	2380	3	8
1189	2381	4	8
1189	2382	5	8
1189	2383	6	8
1189	2384	7	8
1190	2443	2	8
1190	2444	3	8
1190	2445	4	8
1190	2446	5	8
1190	2447	6	8
1190	2448	7	8
1191	2507	2	8
1191	2508	3	8
1191	2509	4	8
1191	2510	5	8
1191	2511	6	8
1191	2512	7	8
1192	1867	2	8
1192	1868	3	8
1192	1869	4	8
1192	1870	5	8
1192	1871	6	8
1192	1872	7	8
1193	1931	2	8
1193	1932	3	8
1193	1933	4	8
1193	1934	5	8
1193	1935	6	8
1193	1936	7	8
1194	1995	2	8
1194	1996	3	8
1194	1997	4	8
1194	1998	5	8
1194	1999	6	8
1194	2000	7	8
1195	2059	2	8
1195	2060	3	8
1195	2061	4	8
1195	2062	5	8
1195	2063	6	8
1195	2064	7	8
1196	2123	2	8
1196	2124	3	8
1196	2125	4	8
1196	2126	5	8
1196	2127	6	8
1196	2128	7	8
1197	2187	2	8
1197	2188	3	8
1197	2189	4	8
1197	2190	5	8
1197	2191	6	8
1197	2192	7	8
1198	2251	2	8
1198	2252	3	8
1198	2253	4	8
1198	2254	5	8
1198	2255	6	8
1198	2256	7	8
1199	2315	2	8
1199	2316	3	8
1199	2317	4	8
1199	2318	5	8
1199	2319	6	8
1199	2320	7	8
1200	1771	2	8
1200	1772	3	8
1200	1773	4	8
1200	1774	5	8
1200	1775	6	8
1200	1776	7	8
1201	1835	2	8
1201	1836	3	8
1201	1837	4	8
1201	1838	5	8
1201	1839	6	8
1201	1840	7	8
1202	2411	2	8
1202	2412	3	8
1202	2413	4	8
1202	2414	5	8
1202	2415	6	8
1202	2416	7	8
1203	2475	2	8
1203	2476	3	8
1203	2477	4	8
1203	2478	5	8
1203	2479	6	8
1203	2480	7	8
1204	1899	2	8
1204	1900	3	8
1204	1901	4	8
1204	1902	5	8
1204	1903	6	8
1204	1904	7	8
1205	1963	2	8
1205	1964	3	8
1205	1965	4	8
1205	1966	5	8
1205	1967	6	8
1205	1968	7	8
1206	2027	2	8
1206	2028	3	8
1206	2029	4	8
1206	2030	5	8
1206	2031	6	8
1206	2032	7	8
1207	2091	2	8
1207	2092	3	8
1207	2093	4	8
1207	2094	5	8
1207	2095	6	8
1207	2096	7	8
1208	2155	2	8
1208	2156	3	8
1208	2157	4	8
1208	2158	5	8
1208	2159	6	8
1208	2160	7	8
1209	2219	2	8
1209	2220	3	8
1209	2221	4	8
1209	2222	5	8
1209	2223	6	8
1209	2224	7	8
1210	2283	2	8
1210	2284	3	8
1210	2285	4	8
1210	2286	5	8
1210	2287	6	8
1210	2288	7	8
1211	2347	2	8
1211	2348	3	8
1211	2349	4	8
1211	2350	5	8
1211	2351	6	8
1211	2352	7	8
1212	1779	2	8
1212	1780	3	8
1212	1781	4	8
1212	1782	5	8
1212	1783	6	8
1212	1784	7	8
1213	1843	2	8
1213	1844	3	8
1213	1845	4	8
1213	1846	5	8
1213	1847	6	8
1213	1848	7	8
1214	2419	2	8
1214	2420	3	8
1214	2421	4	8
1214	2422	5	8
1214	2423	6	8
1214	2424	7	8
1215	2483	2	8
1215	2484	3	8
1215	2485	4	8
1215	2486	5	8
1215	2487	6	8
1215	2488	7	8
1216	1907	2	8
1216	1908	3	8
1216	1909	4	8
1216	1910	5	8
1216	1911	6	8
1216	1912	7	8
1217	1971	2	8
1217	1972	3	8
1217	1973	4	8
1217	1974	5	8
1217	1975	6	8
1217	1976	7	8
1218	2035	2	8
1218	2036	3	8
1218	2037	4	8
1218	2038	5	8
1218	2039	6	8
1218	2040	7	8
1219	2099	2	8
1219	2100	3	8
1219	2101	4	8
1219	2102	5	8
1219	2103	6	8
1219	2104	7	8
1220	2163	2	8
1220	2164	3	8
1220	2165	4	8
1220	2166	5	8
1220	2167	6	8
1220	2168	7	8
1221	2227	2	8
1221	2228	3	8
1221	2229	4	8
1221	2230	5	8
1221	2231	6	8
1221	2232	7	8
1222	2291	2	8
1222	2292	3	8
1222	2293	4	8
1222	2294	5	8
1222	2295	6	8
1222	2296	7	8
1223	2355	2	8
1223	2356	3	8
1223	2357	4	8
1223	2358	5	8
1223	2359	6	8
1223	2360	7	8
1224	1763	2	8
1224	1764	3	8
1224	1765	4	8
1224	1766	5	8
1224	1767	6	8
1224	1768	7	8
1225	1827	2	8
1225	1828	3	8
1225	1829	4	8
1225	1830	5	8
1225	1831	6	8
1225	1832	7	8
1226	2403	2	8
1226	2404	3	8
1226	2405	4	8
1226	2406	5	8
1226	2407	6	8
1226	2408	7	8
1227	2467	2	8
1227	2468	3	8
1227	2469	4	8
1227	2470	5	8
1227	2471	6	8
1227	2472	7	8
1228	1891	2	8
1228	1892	3	8
1228	1893	4	8
1228	1894	5	8
1228	1895	6	8
1228	1896	7	8
1229	1955	2	8
1229	1956	3	8
1229	1957	4	8
1229	1958	5	8
1229	1959	6	8
1229	1960	7	8
1230	2019	2	8
1230	2020	3	8
1230	2021	4	8
1230	2022	5	8
1230	2023	6	8
1230	2024	7	8
1231	2083	2	8
1231	2084	3	8
1231	2085	4	8
1231	2086	5	8
1231	2087	6	8
1231	2088	7	8
1232	2147	2	8
1232	2148	3	8
1232	2149	4	8
1232	2150	5	8
1232	2151	6	8
1232	2152	7	8
1233	2211	2	8
1233	2212	3	8
1233	2213	4	8
1233	2214	5	8
1233	2215	6	8
1233	2216	7	8
1234	2275	2	8
1234	2276	3	8
1234	2277	4	8
1234	2278	5	8
1234	2279	6	8
1234	2280	7	8
1235	2339	2	8
1235	2340	3	8
1235	2341	4	8
1235	2342	5	8
1235	2343	6	8
1235	2344	7	8
1236	1787	2	8
1236	1788	3	8
1236	1789	4	8
1236	1790	5	8
1236	1791	6	8
1236	1792	7	8
1237	1851	2	8
1237	1852	3	8
1237	1853	4	8
1237	1854	5	8
1237	1855	6	8
1237	1856	7	8
1238	2427	2	8
1238	2428	3	8
1238	2429	4	8
1238	2430	5	8
1238	2431	6	8
1238	2432	7	8
1239	2491	2	8
1239	2492	3	8
1239	2493	4	8
1239	2494	5	8
1239	2495	6	8
1239	2496	7	8
1240	1915	2	8
1240	1916	3	8
1240	1917	4	8
1240	1918	5	8
1240	1919	6	8
1240	1920	7	8
1241	1979	2	8
1241	1980	3	8
1241	1981	4	8
1241	1982	5	8
1241	1983	6	8
1241	1984	7	8
1242	2043	2	8
1242	2044	3	8
1242	2045	4	8
1242	2046	5	8
1242	2047	6	8
1242	2048	7	8
1243	2107	2	8
1243	2108	3	8
1243	2109	4	8
1243	2110	5	8
1243	2111	6	8
1243	2112	7	8
1244	2171	2	8
1244	2172	3	8
1244	2173	4	8
1244	2174	5	8
1244	2175	6	8
1244	2176	7	8
1245	2235	2	8
1245	2236	3	8
1245	2237	4	8
1245	2238	5	8
1245	2239	6	8
1245	2240	7	8
1246	2299	2	8
1246	2300	3	8
1246	2301	4	8
1246	2302	5	8
1246	2303	6	8
1246	2304	7	8
1247	2363	2	8
1247	2364	3	8
1247	2365	4	8
1247	2366	5	8
1247	2367	6	8
1247	2368	7	8
